   method 1   
                                                            Date - 14-Jul-23
                                                             Time - 15:48:36


                   ROCKIT (Windows95 version 0.9.1 BETA):                      

             Maximum Likelihood Estimation of a Binormal ROC Curve


                  From CONTINUOUSLY-Distributed Test Results




          -----------------------------------------------------
             Original input of  147 Actually-NEGATIVE cases
          -----------------------------------------------------

       .739245         .390859         .315171         .256146         .287584
       .397627         .314782         .283224         .402521         .239240
       .351310         .482157         .222020         .363934         .297464
       .258587         .344655         .308861         .316273         .217980
       .255355         .320463         .476717         .296206         .309798
       .482510         .376490         .301549         .333483         .414032
       .322962         .261096         .316070         .299452         .242431
       .626764         .271547         .449524         .351795         .325270
       .408437         .512449         .337302         .551785         .351181
       .492835         .370133         .355878         .446890         .496555
       .357742         .687394         .550912         .716683         .359095
       .328938         .301954         .372000         .280331         .371480
       .233186         .268388         .618090         .250478         .533577
       .601809         .268825         .325373         .403878         .318259
       .492173         .252485         .364921         .406886         .326077
       .570127         .224896         .315722         .466925         .726447
       .287878         .253677         .282016         .406818         .343547
       .624377         .281411         .781042         .376031         .597292
       .342512         .328051         .273643         .350683         .775186
       .842348         .766344         .292037         .467375         .301491
       .684346         .589633         .294510         .457826         .381670
       .766205         .650682         .455442         .536379         .360111
       .434373         .473067         .376587         .466741         .257932
       .372365         .359185         .544344         .315771         .302442
       .335300         .358896         .282242         .708773         .922784
       .860821         .834902         .879939         .376149         .388352
       .413234         .342679         .350738         .209116         .246918
       .244274         .268716         .514590         .245217         .261801
       .292625         .313571         .391186         .285443         .407926
       .291174         .232231
   



          ----------------------------------------------------
             Original input of  187 Actually-POSITIVE cases
          ----------------------------------------------------

       .441833         .699094         .503030         .259175         .456031
       .779214         .927257         .565222         .613585         .742720
       .613838         .865079         .735203         .814658         .869322
       .726622         .694225         .791742         .551657         .700782
       .623340         .577649         .696773         .772188         .840674
       .691944         .573888         .637652         .434634         .676458
       .668256         .453740         .751570         .615502         .584144
       .737496         .662927         .660587         .676491         .870779
       .741342         .769593         .798709         .754211         .706632
       .478219         .377516         .725568         .678697         .627163
       .452603         .602803         .784899         .809100         .486279
       .432425         .577941         .796100         .411929         .580824
       .875335         .512955         .693326         .861241         .554756
       .645754         .915963         .578088         .526773         .555226
       .259539         .723628         .906284         .832629         .710228
       .820848         .780586         .597128         .563419         .509172
       .478230         .637503         .817651         .781656         .923609
       .508793         .545919         .810565         .820815         .748284
       .693543         .820488         .735914         .851999         .634868
       .366869         .680198         .690248         .884858         .696250
       .689111         .808293         .754609         .531100         .771331
       .390267         .664316         .832824         .867274         .826959
       .331940         .809782         .617398         .318172         .462748
       .679797         .671851         .594704         .823133         .863673
       .653205         .689193         .759945         .798691         .823639
       .659608         .689260         .686387         .782834         .694565
       .837743         .860740         .832657         .859801         .938526
       .861955         .930578         .854270         .857333         .769545
       .662080         .560677         .493184         .881696         .363880
       .419624         .388326         .626168         .561845         .696216
       .852260         .845596         .846774         .835074         .629832
       .833785         .563462         .797847         .801365         .710538
       .883486         .879651         .737836         .710926         .512928
       .809955         .834193         .260027         .746145         .803924
       .825981         .866420         .797108         .767639         .670330
       .519528         .682091         .314819         .869543         .489410
       .709508         .778064         .692027         .287204         .809571
       .816686         .724146
   


                                                            Date - 14-Jul-23
                                                             Time - 15:48:37


      ROCKIT (Windows95 version 0.9.1 BETA):                      
          method 1                                                    

             Maximum Likelihood Estimation of the Parameters
                      a Single Binormal ROC Curve

      Name of Input File being used: model_store_label_5_



      Condition 1: method 1    

      Total number of actually-negative cases =  147.
      Total number of actually-positive cases =  187.

      Data collected on a nominally continuous scale.
      Larger values of the test result represent stronger evidence that the
      case is actually-positive (e.g., that the patient is actually abnormal)


    Operating Points Corresponding to the Input Data Categorized by the LABROC5 Scheme:

    FPF:  .000  .027  .034  .068  .088  .095  .102  .116  .143  .156  .190
    TPF:  .000  .166  .337  .422  .487  .572  .658  .695  .738  .770  .818

    FPF:  .204  .238  .279  .306  .381  .395  .463  .585  .789 1.000
    TPF:  .845  .877  .893  .920  .936  .952  .963  .968  .979 1.000



             -----------------------------------------------------
               Initial Estimates of the Binormal ROC Parameters: 
             -----------------------------------------------------

                  a =  1.7552
                  b =  1.1490

      z(k) =   .675   .176  -.054  -.195  -.261  -.411  -.513  -.605  -.718  -.790
              -.926 -1.002 -1.115 -1.199 -1.355 -1.512 -1.658 -1.884 -2.313

                Procedure Converges after   5 Iterations


               =====================================================
                  Final Estimates of the Binormal ROC Parameters    
               =====================================================


 Binormal Parameters and Area Under the Estimated ROC :
        a           =        1.7476
        b           =        1.1618
        Area (Az)   =         .8729
        Area (Wilc) =         .8759

     1: z(k) =  -.726  -.227   .024   .176   .237   .401   .502   .600   .717   .789
                 .928  1.005  1.118  1.203  1.360  1.514  1.654  1.870  2.297

 Estimated Standard Errors and Correlation of these Values:
        Std. Err. (a)  =      .1730
        Std. Err. (b)  =      .1350
        Corr(a,b)      =      .5829
        Std. Err. (Az) =      .0192
        Std. Err.(Wilc)=      .0188

 Symmetric 95% Confidence Intervals
        For a :        ( 1.4085, 2.0867)
        For b :        (  .8972, 1.4264)

 Asymmetric 95% Confidence Interval
        For Az:        (  .8313,  .9067)


                Variance-Covariance Matrix:
                ===========================

                a       b   z( 1)   z( 2)   z( 3)   z( 4)   z( 5)   z( 6)   z( 7)   z( 8)   z( 9)   z(10)   z(11)   z(12)   z(13)   z(14)   z(15)   z(16)   z(17)   z(18)   z(19)
     a       .0299
     b       .0136   .0182
     z( 1)   .0078   .0034   .0127
     z( 2)   .0094   .0033   .0079   .0105
     z( 3)   .0100   .0029   .0066   .0087   .0100
     z( 4)   .0102   .0023   .0060   .0079   .0091   .0099
     z( 5)   .0102   .0021   .0058   .0076   .0087   .0095   .0099
     z( 6)   .0102   .0012   .0052   .0069   .0080   .0087   .0090   .0099
     z( 7)   .0101   .0006   .0049   .0065   .0076   .0083   .0086   .0094   .0100
     z( 8)   .0099  -.0002   .0047   .0062   .0072   .0079   .0082   .0091   .0096   .0102
     z( 9)   .0096  -.0011   .0044   .0058   .0068   .0075   .0078   .0087   .0092   .0098   .0106
     z(10)   .0094  -.0018   .0042   .0056   .0066   .0073   .0076   .0085   .0090   .0096   .0104   .0109
     z(11)   .0089  -.0032   .0038   .0052   .0062   .0069   .0072   .0081   .0087   .0093   .0101   .0106   .0117
     z(12)   .0085  -.0040   .0036   .0050   .0060   .0067   .0070   .0079   .0085   .0092   .0100   .0105   .0116   .0123
     z(13)   .0079  -.0053   .0034   .0047   .0057   .0065   .0068   .0077   .0083   .0090   .0099   .0104   .0116   .0123   .0133
     z(14)   .0073  -.0063   .0031   .0045   .0055   .0063   .0066   .0076   .0082   .0089   .0098   .0104   .0116   .0123   .0134   .0143
     z(15)   .0063  -.0083   .0027   .0041   .0051   .0059   .0063   .0073   .0080   .0088   .0098   .0104   .0117   .0125   .0137   .0146   .0165
     z(16)   .0051  -.0104   .0023   .0037   .0048   .0056   .0060   .0071   .0079   .0087   .0098   .0104   .0119   .0127   .0140   .0151   .0171   .0193
     z(17)   .0039  -.0124   .0020   .0033   .0044   .0053   .0057   .0069   .0078   .0087   .0098   .0105   .0121   .0130   .0144   .0155   .0177   .0200   .0223
     z(18)   .0020  -.0155   .0014   .0027   .0039   .0049   .0053   .0067   .0076   .0086   .0099   .0108   .0125   .0135   .0151   .0164   .0189   .0215   .0240   .0282
     z(19)  -.0022  -.0220   .0002   .0016   .0029   .0041   .0046   .0062   .0074   .0086   .0102   .0113   .0135   .0148   .0168   .0184   .0215   .0247   .0278   .0328   .0446


                Correlation Matrix:
                ===================

                a       b   z( 1)   z( 2)   z( 3)   z( 4)   z( 5)   z( 6)   z( 7)   z( 8)   z( 9)   z(10)   z(11)   z(12)   z(13)   z(14)   z(15)   z(16)   z(17)   z(18)   z(19)
     a      1.0000
     b       .5829  1.0000
     z( 1)   .4015   .2211  1.0000
     z( 2)   .5304   .2420   .6879  1.0000
     z( 3)   .5748   .2112   .5857   .8472  1.0000
     z( 4)   .5901   .1738   .5343   .7722   .9103  1.0000
     z( 5)   .5932   .1546   .5154   .7450   .8783   .9647  1.0000
     z( 6)   .5918   .0904   .4669   .6768   .7992   .8785   .9109  1.0000
     z( 7)   .5828   .0415   .4378   .6370   .7540   .8301   .8613   .9469  1.0000
     z( 8)   .5678  -.0117   .4099   .5993   .7119   .7856   .8158   .8991   .9508  1.0000
     z( 9)   .5415  -.0816   .3762   .5545   .6626   .7340   .7635   .8450   .8958   .9443  1.0000
     z(10)   .5211  -.1270   .3552   .5269   .6326   .7029   .7320   .8128   .8634   .9118   .9676  1.0000
     z(11)   .4733  -.2175   .3142   .4734   .5747   .6433   .6720   .7521   .8028   .8516   .9081   .9411  1.0000
     z(12)   .4427  -.2679   .2914   .4436   .5426   .6104   .6389   .7189   .7698   .8190   .8763   .9099   .9699  1.0000
     z(13)   .3937  -.3409   .2577   .3998   .4955   .5623   .5905   .6705   .7219   .7719   .8305   .8650   .9271   .9584  1.0000
     z(14)   .3552  -.3928   .2331   .3677   .4611   .5270   .5551   .6352   .6870   .7376   .7972   .8325   .8963   .9285   .9715  1.0000
     z(15)   .2826  -.4809   .1895   .3108   .3998   .4643   .4921   .5722   .6246   .6764   .7380   .7747   .8417   .8758   .9215   .9518  1.0000
     z(16)   .2125  -.5560   .1499   .2590   .3438   .4067   .4342   .5141   .5671   .6199   .6831   .7212   .7911   .8269   .8753   .9075   .9586  1.0000
     z(17)   .1525  -.6137   .1174   .2162   .2973   .3589   .3860   .4656   .5190   .5724   .6369   .6760   .7482   .7855   .8361   .8699   .9236   .9668  1.0000
     z(18)   .0690  -.6847   .0739   .1584   .2343   .2938   .3203   .3991   .4526   .5067   .5728   .6131   .6882   .7274   .7809   .8169   .8743   .9202   .9547  1.0000
     z(19)   .0000   .0000   .0000   .0000   .0000   .0000   .0000   .0000   .0000   .0000   .0000   .0000   .0000   .0000   .0000   .0000   .0000   .0000   .0000   .0000   .0000

        Estimated Binormal ROC curve, with Lower and Upper
        Bounds of the Asymmetric Point-wise 95% Confidence
        Interval for True-Positive Fraction at a Variety
        of False-Positive Fractions:


            FPF      TPF        (Lower Bound, Upper Bound)

            .005     .1065       (    .0357  ,    .2456   )
            .010     .1696       (    .0727  ,    .3246   )
            .020     .2614       (    .1398  ,    .4220   )
            .030     .3307       (    .1990  ,    .4878   )
            .040     .3872       (    .2516  ,    .5382   )
            .050     .4350       (    .2989  ,    .5793   )
            .060     .4765       (    .3417  ,    .6140   )
            .070     .5131       (    .3807  ,    .6440   )
            .080     .5458       (    .4164  ,    .6704   )
            .090     .5752       (    .4493  ,    .6939   )
            .100     .6020       (    .4796  ,    .7151   )
            .110     .6265       (    .5076  ,    .7343   )
            .120     .6489       (    .5337  ,    .7518   )
            .130     .6696       (    .5579  ,    .7680   )
            .140     .6888       (    .5805  ,    .7828   )
            .150     .7066       (    .6016  ,    .7966   )
            .200     .7794       (    .6891  ,    .8524   )
            .250     .8326       (    .7543  ,    .8926   )
            .300     .8726       (    .8043  ,    .9223   )
            .400     .9270       (    .8747  ,    .9607   )
            .500     .9597       (    .9205  ,    .9815   )
            .600     .9794       (    .9515  ,    .9923   )
            .700     .9908       (    .9727  ,    .9974   )
            .800     .9968       (    .9869  ,    .9994   )
            .900     .9994       (    .9958  ,    .9999   )
            .950     .9999       (    .9985  ,   1.0000   )


      Estimated Relationship between the Critical Test-Result Value
      (which separates 'positive' results form 'negative' results)
      and the Corresponding Operating Point on the Fitted Binormal
      ROC Curve:

 ***********************************************************************

          Critical Test           (  FPF ,   TPF )
          Result Value


                .8349883          (  .011,   .178)
                .7813492          (  .031,   .336)
                .7385405          (  .049,   .431)
                .7077024          (  .065,   .496)
                .6868907          (  .087,   .567)
                .6519433          (  .114,   .637)
                .6252724          (  .132,   .673)
                .5921687          (  .158,   .719)
                .5676749          (  .177,   .749)
                .5323387          (  .215,   .797)
                .5108105          (  .237,   .820)
                .4801933          (  .274,   .853)
                .4569284          (  .308,   .878)
                .4333993          (  .344,   .900)
                .3905631          (  .406,   .930)
                .3770515          (  .430,   .939)
                .3619958          (  .490,   .957)
                .3304390          (  .590,   .978)
                .2873940          (  .766,   .995)



                                                            Date - 14-Jul-23
                                                             Time - 15:48:37
