   method 1   
                                                            Date - 23-Jul-23
                                                             Time - 12:45:57


                   ROCKIT (Windows95 version 0.9.1 BETA):                      

             Maximum Likelihood Estimation of a Binormal ROC Curve


                  From CONTINUOUSLY-Distributed Test Results




          -----------------------------------------------------
             Original input of  147 Actually-NEGATIVE cases
          -----------------------------------------------------

       .669331         .354451         .305160         .359978         .234457
       .385044         .281056         .242654         .288031         .238851
       .334038         .423846         .132547         .201641         .332829
       .283793         .296271         .188174         .267640         .139397
       .153338         .334642         .427165         .199343         .251061
       .438167         .283950         .255871         .393121         .291055
       .231417         .217547         .203081         .324948         .213382
       .536884         .261548         .576486         .312876         .259067
       .292745         .507941         .330695         .464793         .298613
       .511667         .332704         .324130         .483947         .425887
       .284352         .673540         .410815         .735442         .328547
       .366399         .269761         .371389         .343256         .254179
       .249866         .348022         .560336         .247927         .478956
       .731012         .176256         .224577         .435858         .315716
       .431072         .266926         .306385         .390777         .367038
       .617334         .209987         .224662         .511024         .755664
       .159608         .260428         .276609         .334214         .301859
       .527903         .214407         .724546         .322372         .522321
       .453770         .252908         .231854         .264465         .760110
       .747697         .793133         .541676         .512982         .301430
       .859997         .786812         .333033         .306027         .290379
       .750841         .591326         .501204         .598520         .227667
       .522425         .386470         .317419         .382689         .209913
       .399331         .275717         .587598         .241897         .300588
       .341002         .413122         .307666         .629245         .840856
       .806505         .705194         .886229         .299430         .429935
       .413956         .386263         .210768         .180199         .240295
       .189811         .263103         .622212         .164686         .219228
       .259552         .243426         .284979         .248492         .329478
       .229617         .206546
   



          ----------------------------------------------------
             Original input of  187 Actually-POSITIVE cases
          ----------------------------------------------------

       .523562         .694199         .567133         .191744         .340839
       .660912         .871912         .608008         .595118         .711811
       .638864         .789792         .870448         .765366         .817344
       .627004         .667749         .627425         .642451         .772564
       .604181         .566456         .687966         .775469         .813830
       .648193         .721151         .574975         .396761         .582900
       .636725         .295568         .694574         .581109         .582512
       .657530         .621727         .553039         .564668         .807030
       .664506         .678846         .782379         .696050         .574590
       .504918         .306740         .729993         .775469         .489817
       .360254         .561050         .795053         .755267         .445951
       .369063         .614828         .770349         .295975         .650998
       .802129         .510439         .759231         .785578         .454931
       .648033         .896791         .582891         .479645         .514742
       .196786         .740867         .856513         .841034         .749771
       .767190         .790876         .554040         .464081         .438855
       .484989         .634994         .745658         .616172         .801192
       .530481         .483833         .823484         .760149         .804617
       .689126         .780565         .706650         .813664         .603314
       .353649         .705135         .627737         .842531         .728176
       .572699         .786050         .775135         .553742         .750235
       .356540         .598814         .725279         .694155         .767227
       .234589         .812464         .629241         .262638         .436362
       .635561         .658899         .529974         .843195         .810012
       .751463         .605814         .732908         .682091         .749767
       .634913         .740562         .727174         .780162         .824793
       .844594         .849307         .866649         .738611         .910004
       .813266         .828025         .837496         .839164         .811716
       .748288         .662095         .567100         .892613         .521180
       .428723         .388023         .608406         .652793         .615812
       .903501         .763752         .716667         .835667         .620059
       .745051         .476682         .842680         .778684         .656008
       .837601         .806128         .745306         .818164         .453421
       .773163         .778780         .294212         .691509         .735308
       .843502         .788031         .808307         .732540         .580622
       .525251         .616383         .348369         .850456         .470942
       .495466         .785184         .543119         .253797         .854010
       .723391         .645423
   


                                                            Date - 23-Jul-23
                                                             Time - 12:45:58


      ROCKIT (Windows95 version 0.9.1 BETA):                      
          method 1                                                    

             Maximum Likelihood Estimation of the Parameters
                      a Single Binormal ROC Curve

      Name of Input File being used: model_store_now_bset



      Condition 1: method 1    

      Total number of actually-negative cases =  147.
      Total number of actually-positive cases =  187.

      Data collected on a nominally continuous scale.
      Larger values of the test result represent stronger evidence that the
      case is actually-positive (e.g., that the patient is actually abnormal)


    Operating Points Corresponding to the Input Data Categorized by the LABROC5 Scheme:

    FPF:  .000  .020  .048  .082  .095  .109  .116  .129  .150  .163  .184
    TPF:  .000  .182  .326  .412  .513  .513  .631  .695  .727  .770  .813

    FPF:  .224  .245  .286  .333  .395  .429  .537  .599  .816 1.000
    TPF:  .834  .872  .904  .914  .925  .952  .952  .973  .984 1.000



             -----------------------------------------------------
               Initial Estimates of the Binormal ROC Parameters: 
             -----------------------------------------------------

                  a =  1.6586
                  b =  1.1366

      z(k) =   .805   .247   .062  -.110  -.234  -.348  -.439  -.565  -.668  -.762
              -.869  -.963 -1.045 -1.174 -1.381 -1.401 -1.600 -1.823 -2.233

                Procedure Converges after   5 Iterations


               =====================================================
                  Final Estimates of the Binormal ROC Parameters    
               =====================================================


 Binormal Parameters and Area Under the Estimated ROC :
        a           =        1.6879
        b           =        1.1623
        Area (Az)   =         .8645
        Area (Wilc) =         .8628

     1: z(k) =  -.836  -.267  -.095   .103   .221   .344   .445   .576   .679   .779
                 .888   .982  1.066  1.194  1.398  1.416  1.608  1.819  2.213

 Estimated Standard Errors and Correlation of these Values:
        Std. Err. (a)  =      .1688
        Std. Err. (b)  =      .1328
        Corr(a,b)      =      .5646
        Std. Err. (Az) =      .0199
        Std. Err.(Wilc)=      .0198

 Symmetric 95% Confidence Intervals
        For a :        ( 1.3570, 2.0187)
        For b :        (  .9019, 1.4227)

 Asymmetric 95% Confidence Interval
        For Az:        (  .8216,  .8997)


                Variance-Covariance Matrix:
                ===========================

                a       b   z( 1)   z( 2)   z( 3)   z( 4)   z( 5)   z( 6)   z( 7)   z( 8)   z( 9)   z(10)   z(11)   z(12)   z(13)   z(14)   z(15)   z(16)   z(17)   z(18)   z(19)
     a       .0285
     b       .0127   .0176
     z( 1)   .0075   .0034   .0135
     z( 2)   .0093   .0034   .0077   .0105
     z( 3)   .0097   .0031   .0068   .0092   .0101
     z( 4)   .0100   .0025   .0059   .0081   .0088   .0099
     z( 5)   .0101   .0020   .0055   .0075   .0082   .0092   .0098
     z( 6)   .0101   .0014   .0051   .0070   .0077   .0085   .0091   .0098
     z( 7)   .0100   .0008   .0048   .0066   .0073   .0081   .0087   .0093   .0099
     z( 8)   .0098  -.0002   .0045   .0061   .0068   .0076   .0082   .0088   .0093   .0101
     z( 9)   .0096  -.0010   .0042   .0058   .0065   .0073   .0078   .0084   .0090   .0097   .0104
     z(10)   .0093  -.0019   .0040   .0055   .0062   .0070   .0075   .0082   .0087   .0095   .0101   .0108
     z(11)   .0089  -.0029   .0037   .0052   .0058   .0067   .0072   .0079   .0084   .0092   .0099   .0106   .0114
     z(12)   .0085  -.0039   .0035   .0050   .0056   .0064   .0070   .0077   .0082   .0091   .0097   .0105   .0113   .0121
     z(13)   .0080  -.0048   .0032   .0047   .0054   .0062   .0068   .0075   .0081   .0089   .0096   .0104   .0113   .0121   .0128
     z(14)   .0073  -.0063   .0029   .0044   .0050   .0059   .0065   .0073   .0079   .0088   .0095   .0103   .0112   .0121   .0129   .0142
     z(15)   .0060  -.0089   .0024   .0038   .0045   .0055   .0061   .0069   .0076   .0086   .0095   .0104   .0114   .0123   .0132   .0146   .0172
     z(16)   .0059  -.0091   .0024   .0038   .0045   .0054   .0061   .0069   .0076   .0086   .0095   .0104   .0114   .0124   .0132   .0147   .0172   .0175
     z(17)   .0045  -.0117   .0019   .0033   .0040   .0050   .0058   .0066   .0074   .0085   .0095   .0105   .0116   .0127   .0137   .0153   .0181   .0184   .0213
     z(18)   .0028  -.0146   .0013   .0027   .0035   .0046   .0054   .0064   .0072   .0085   .0096   .0107   .0120   .0132   .0143   .0161   .0192   .0195   .0228   .0267
     z(19)  -.0008  -.0204   .0002   .0016   .0025   .0038   .0047   .0059   .0070   .0085   .0098   .0112   .0128   .0143   .0157   .0179   .0217   .0221   .0260   .0306   .0408


                Correlation Matrix:
                ===================

                a       b   z( 1)   z( 2)   z( 3)   z( 4)   z( 5)   z( 6)   z( 7)   z( 8)   z( 9)   z(10)   z(11)   z(12)   z(13)   z(14)   z(15)   z(16)   z(17)   z(18)   z(19)
     a      1.0000
     b       .5646  1.0000
     z( 1)   .3837   .2170  1.0000
     z( 2)   .5360   .2485   .6482  1.0000
     z( 3)   .5689   .2308   .5802   .8915  1.0000
     z( 4)   .5949   .1899   .5148   .7893   .8839  1.0000
     z( 5)   .6023   .1532   .4801   .7364   .8246   .9326  1.0000
     z( 6)   .6024   .1048   .4458   .6853   .7680   .8694   .9326  1.0000
     z( 7)   .5959   .0579   .4185   .6457   .7248   .8218   .8824   .9471  1.0000
     z( 8)   .5780  -.0122   .3834   .5956   .6706   .7633   .8215   .8838   .9348  1.0000
     z( 9)   .5561  -.0735   .3553   .5563   .6286   .7187   .7755   .8367   .8869   .9512  1.0000
     z(10)   .5285  -.1367   .3276   .5179   .5878   .6757   .7317   .7922   .8421   .9063   .9551  1.0000
     z(11)   .4922  -.2070   .2972   .4761   .5437   .6296   .6849   .7450   .7949   .8595   .9089   .9544  1.0000
     z(12)   .4559  -.2688   .2704   .4394   .5050   .5894   .6442   .7042   .7544   .8196   .8698   .9162   .9628  1.0000
     z(13)   .4211  -.3222   .2469   .4072   .4710   .5541   .6086   .6686   .7191   .7851   .8360   .8834   .9312   .9693  1.0000
     z(14)   .3647  -.4002   .2116   .3588   .4200   .5012   .5551   .6152   .6662   .7334   .7857   .8347   .8843   .9242   .9564  1.0000
     z(15)   .2723  -.5104   .1586   .2859   .3431   .4212   .4743   .5344   .5860   .6550   .7095   .7610   .8138   .8566   .8912   .9384  1.0000
     z(16)   .2644  -.5190   .1543   .2799   .3367   .4146   .4676   .5277   .5794   .6485   .7031   .7549   .8079   .8509   .8858   .9332   .9953  1.0000
     z(17)   .1816  -.6023   .1104   .2191   .2723   .3472   .3993   .4592   .5112   .5816   .6378   .6916   .7472   .7927   .8298   .8805   .9465   .9515  1.0000
     z(18)   .1001  -.6731   .0693   .1617   .2112   .2830   .3340   .3933   .4454   .5167   .5742   .6297   .6875   .7352   .7744   .8282   .8984   .9037   .9541  1.0000
     z(19)   .0000   .0000   .0000   .0000   .0000   .0000   .0000   .0000   .0000   .0000   .0000   .0000   .0000   .0000   .0000   .0000   .0000   .0000   .0000   .0000   .0000

        Estimated Binormal ROC curve, with Lower and Upper
        Bounds of the Asymmetric Point-wise 95% Confidence
        Interval for True-Positive Fraction at a Variety
        of False-Positive Fractions:


            FPF      TPF        (Lower Bound, Upper Bound)

            .005     .0957       (    .0313  ,    .2264   )
            .010     .1547       (    .0647  ,    .3028   )
            .020     .2421       (    .1267  ,    .3985   )
            .030     .3090       (    .1823  ,    .4639   )
            .040     .3641       (    .2324  ,    .5144   )
            .050     .4112       (    .2779  ,    .5558   )
            .060     .4524       (    .3195  ,    .5909   )
            .070     .4889       (    .3576  ,    .6214   )
            .080     .5217       (    .3928  ,    .6484   )
            .090     .5514       (    .4253  ,    .6726   )
            .100     .5785       (    .4554  ,    .6944   )
            .110     .6034       (    .4835  ,    .7142   )
            .120     .6263       (    .5096  ,    .7324   )
            .130     .6475       (    .5340  ,    .7491   )
            .140     .6672       (    .5569  ,    .7646   )
            .150     .6855       (    .5784  ,    .7790   )
            .200     .7611       (    .6682  ,    .8376   )
            .250     .8171       (    .7360  ,    .8805   )
            .300     .8597       (    .7885  ,    .9125   )
            .400     .9183       (    .8633  ,    .9547   )
            .500     .9543       (    .9126  ,    .9782   )
            .600     .9763       (    .9463  ,    .9907   )
            .700     .9892       (    .9695  ,    .9967   )
            .800     .9962       (    .9852  ,    .9992   )
            .900     .9993       (    .9952  ,    .9999   )
            .950     .9998       (    .9983  ,   1.0000   )


      Estimated Relationship between the Critical Test-Result Value
      (which separates 'positive' results form 'negative' results)
      and the Corresponding Operating Point on the Fitted Binormal
      ROC Curve:

 ***********************************************************************

          Critical Test           (  FPF ,   TPF )
          Result Value


                .8067674          (  .013,   .188)
                .7596705          (  .034,   .335)
                .7305028          (  .054,   .428)
                .6761928          (  .078,   .517)
                .6685399          (  .081,   .525)
                .6246078          (  .116,   .618)
                .5986669          (  .143,   .673)
                .5785540          (  .163,   .708)
                .5571881          (  .187,   .744)
                .5229938          (  .218,   .783)
                .5030611          (  .249,   .816)
                .4678675          (  .282,   .846)
                .4293287          (  .328,   .879)
                .3949413          (  .365,   .901)
                .3633264          (  .413,   .924)
                .3377404          (  .459,   .942)
                .3072034          (  .538,   .964)
                .2934784          (  .605,   .977)
                .2367201          (  .798,   .996)



                                                            Date - 23-Jul-23
                                                             Time - 12:45:58
