method 1	
Large	

0.338360339
0.000280482
0.011611209
0.343360275
1.24E-05
0.059130736
0.002694939
1.84E-06
0.048924796
0.775293827
0.215525195
3.82E-11
0.398252159
0.177452639
6.31E-05
0.026733967
0.253145099
0.008042791
2.21E-05
0.209263593
0.153196588
0.146174446
4.40E-01
0.415973961
6.47E-05
0.002937447
0.032331113
9.90E-01
0.004269747
0.019840786
2.76E-05
5.34E-06
0.066743515
0.483771205
0.002657306
0.585741401
9.49E-06
0.052111629
0.045892335
0.011384442
0.011212901
0.000841475
0.382741153
2.29E-06
0.002726271
0.003389334
0.898534477
2.91E-06
0.358357251
0.428674906
2.31E-04
0.002647845
0.003109548
0.00104849
0.958014607
0.000193708
0.002438361
0.001053929
0.294649929
0.001042208
0.001468506
2.60E-05
0.03510632
1.31E-08
0.0057518
5.95E-03
1.18E-05
1.41E-05
1.07E-05
0.845141709
0.118451178
0.116572455
0.00287045
0.011700148
0.00052398
0.000165823
0.462452024
7.38E-06
0.083856165
0.955119491
0.009106371
1.23E-08
2.80E-18
0.000800239
1.24E-06
0.020049207
1.05E-05
4.21E-08
0.99210757
1.66E-05
0.003018218
0.267733991
0.000160336
0.294079393
1.45E-08
5.50E-06
1.99E-07
5.64E-13
2.04E-03
3.48E-06
5.13E-02
0.001315046
0.001036114
0.181446731
6.19E-13
0.021954024
3.69E-05
1.71E-06
1.27E-05
5.30E-08
0.113824293
5.60E-07
2.13E-09
0.986224294
0.793333769
0.802386582
4.86E-05
2.37E-07
2.51E-06
0.010864788
0.002891512
0.000746793
3.57E-06
0.103858329
0.001317491
2.26E-06
3.57E-07
7.60E-09
0.032429248
0.003411041
3.51E-02
2.53E-05
0.00041297
5.09E-06
2.23E-10
0.009669523
0.211951673
0.463525802
0.032938197
0.894395411
6.20E-05
0.800549984
0.447664499
2.54E-05
2.40E-04
0.065436184
0.022242093
0.017363628
1.04E-07
0.000237481
0.005404387
0.002101461
4.35E-06
0.011568598
1.21E-03
0.001179948
0.00850971
0.001273086
0.005552963
0.000218474
0.001353388
0.01319412
0.003649158
0.000265665
0.035553023
0.841085494
6.03E-05
0.442742527
1.32E-09
1.14E-06
4.75E-06
9.81E-07
5.58E-05
0.34440586
1.98E-10
0.144846171
0.264333606
0.470336586
0.007723783
0.98654604
0.000203605
0.001976364
0.035558313
0.887296259
0.000608343
1.04E-06
0.112812772
4.15E-05
0.015408773
0.008264541
1.51E-03
0.002048355
1.84E-06
0.000262847
0.999836564
0.002869803
0.794475496
0.019330613
0.541929245
0.0014769
1.67E-02
0.005123595
0.067762963
0.024345957
0.219570786
0.734083116
0.219991967
0.01797571
1.28E-05
0.001265593
0.16992487
0.094000578
0.098796405
4.91E-05
0.00041394
4.17E-08
0.567923844
0.018812757

	
*	
1
0.981599391
0.039291535
0.892732859
0.499616802
9.97E-01
0.994891763
0.999859333
0.851126969
0.999903917
0.992617667
1
9.82E-01
0.977136314
0.979736626
0.992188573
0.999310493
0.999819219
0.701080978
0.999985695
0.004737608
0.600284636
0.946368873
0.969093144
0.999504685
0.999982715
0.998879015
0.99998343
0.999328375
0.999775469
0.994354248
0.999767005
0.999986887
0.999999881
0.999999285
0.999979734
0.999999762
1
0.994779229
0.3455275
0.000592728
1
0.999628067
0.002284636
7.19E-01
0.99105376
0.977365196
0.999819934
0.985778332
0.999681234
0.99650228
0.999316335
0.99999845
0.999989629
0.999672413
0.998539209
0.640184402
1
0.995976746
1
1
1
0.999978065
0.578568578
0.998147368
1
0.958022594
0.999999404
1
0.759591162
0.999449193
0.960711956
0.998225987
0.999999166
0.644322038
0.999981999
0.882965088
1
0.964047492
1
1
0.377037168
0.999927878
0.027697396
0.913438559
0.94591403
0.999999881
0.999702752
0.973757565
0.999991298
0.967089534
0.999880314
0.978302002
0.089879364
1.26E-06
0.600793004
0.999987006
0.999030828
0.527209401
0.91461426
0.937031746
0.296186656
0.548598766
0.999991775
0.998273373
0.999456227
0.940597415
0.999890924
0.999658465
0.999967813
0.99949801
0.232636556
0.984915614
0.503510416
0.999999881
1
0.987567544
1
0.999996305
0.109998249
0.995557725
0.896387815
1
0.954619944
0.001842423
0.000383649
0.929234445
0.901664019
0.999836802
0.996434689
0.984260857
0.999999881
0.999737322
0.999999762
0.993449271
0.491172314
0.068401426
0.955741167
0.999999881
1
0.999998927
0.876524925
0.997243881
0.978792846
0.954194605
0.99746871
1
0.943446755
0.934673309
6.46E-01
0.471999049
0.005934992
0.01854845
0.767668664
0.999920607
0.95433557
0.999293566
0.941282213
7.83E-14
0.958152294
0.999985814
0.999999166
0.999910235
0.579216897
0.535651803
0.878556609
0.500305474
0.997117639
0.977083206
0.999797761
1
0.99998343
0.999928951
0.995237589
0.756016076
0.161396697
1
0.993013918
0.999845028
1
0.998523414
0.993420422
0.998970509
0.99126339
0.867262781
0.999996543
0.99977845
0.989313543
0.658306658
1
0.084932074
0.979160964
0.998354316
0.093090475
0.999997377
0.984190524
1
1
0.999908328
0.000126996
0.844251513
0.999999881
0.992866278
0.999998093
0.983069658
0.987744749
0.97913146
0.997918546
0.99762398
0.999995351
0.982500255
1
0.982174754
0.962998211
0.99609226
1
0.944252491
0.934520483
0.999982595
0.740519583
1
1
0.991915405
0.786100805
1
0.881036282

*	
