Now	
Large
0.01376907
0.034547143
0.063255101
0.681426287
0.021145592
0.29509595
0.618560076
1.36E-02
0.983479023
0.990849257
0.222677574
1.68E-04
0.073689498
0.149991393
8.33E-03




*
0.999994397
0.069428734
0.764523268
0.646516144
0.728854477
0.702927351
0.999001682
0.984062254
0.203548178
0.957301378
0.712906361
0.999691248
0.89835161
0.999479353
0.94440347
0.976118624
0.964231193
0.146508291
0.723913372
0.197761208
0.96104753
0.912875891
0.994693816




*