method 1
Large

0.3865
0.4753
0.2773
0.7422
0.9638
0.1109
0.9531
0.1258
0.7135
0.4252
0.328
0.4756
0.0574
0.9706
0.1631
0.5124
0.2478
0.6691
0.1053
0.2389
0.071
0.5187
0.0986
0.2497
0.1965
0.164
0.3314
0.1143
0.5565
0.4184
0.4112
0.3441
0.1247
0.1111
0.2225
0.2074
0.2661
0.4071
0.6981
0.0492
0.0399
0.5614
0.0272
0.4274
0.1387
0.6123
0.6629
0.7426
0.0215
0.0952
0.3824
0.3624
0.2527
0.6711
0.6981
0.0221
0.2315
0.3983
0.0671
0.4946
0.4529
0.569
*
0.8791
0.1965
0.826
0.4111
0.1997
0.4761
0.7952
0.6762
0.5374
0.583
0.6896
0.9774
0.9673
0.4925
0.4684
0.3736
0.7196
0.9144
0.8056
0.7166
0.8386
0.7399
0.4684
0.9107
0.5395
0.2696
0.6041
0.222
0.2656
0.3438
0.6101
0.734
0.0185
0.5877
0.5385
0.7452
0.8121
0.7879
0.9783
0.794
0.4853
0.4996
0.8477
0.4772
0.8757
0.4661
0.5485
0.823
0.8306
0.1898
0.7223
0.4286
0.902
0.8662
0.771
0.6514
0.5102
0.461
0.8164
0.6702
0.5478
0.536
0.8525
0.5038
0.952
0.4173
0.5271
0.8113
0.4201
0.7745
0.317
0.455
0.9052
0.5024
0.6487
0.5289
0.7192
0.4891
0.9532
0.5937
0.7224
0.7954
0.5561
0.7761
0.8026
0.9279
0.9035
0.757
0.1709
0.9242
0.6397
0.6822
0.8504
0.4836
0.0071
0.8428
0.9347
0.684
0.883
0.2827
0.7872
0.895
0.5119
0.9472
0.0407
0.091
0.9392
0.9491
0.798
0.8077
0.8813
0.2337
0.522
0.9356
0.5851
0.8988
0.5016
0.8092
0.5588
0.7343
*
