method 1
Large

0.236
0.5778
0.0467
0.9901
0.8992
0.3512
0.4087
0.1628
0.264
0.1833
0.8648
0.8198
0.1384
0.3249
0.8711
0.5841
0.2028
0.6381
0.2292
0.5929
0.0911
0.8005
0.6441
0.6622
0.9101
0.8173
0.3013
0.8683
0.9482
0.3176
0.4178
0.2346
0.0623
0.7802
0.0771
0.7761
0.6832
0.6587
0.6324
0.7487
0.0382
0.0362
0.022
0.1205
0.2393
0.4266
0.0504
0.7564
0.8882
0.322
0.7414
0.9238
0.8469
0.8231
0.1503
0.8085
0.6125
0.0227
0.1414
0.1682
0.2537
0.1407
*
0.5749
0.5569
0.9871
0.8679
0.8223
0.8836
0.0951
0.8681
0.5765
0.9717
0.9627
0.9934
0.6942
0.7684
0.0278
0.9154
0.9158
0.908
0.7891
0.8759
0.4093
0.5818
0.8804
0.9084
0.7451
0.3196
0.9555
0.2557
0.3412
0.8225
0.6751
0.4273
0.8226
0.7567
0.5906
0.2106
0.2927
0.6604
0.7304
0.8395
0.2879
0.9874
0.2131
0.6161
0.6473
0.8031
0.8622
0.8665
0.7618
0.9537
0.9506
0.146
0.3567
0.8165
0.6912
0.0788
0.3814
0.7752
0.9893
0.6767
0.9539
0.8356
0.6563
0.1888
0.7495
0.8815
0.6032
0.7117
0.6067
0.6704
0.9989
0.6396
0.9014
0.885
0.8245
0.9026
0.9487
0.727
0.7654
0.7467
0.6958
0.9556
0.634
0.986
0.7182
0.5984
0.055
0.7108
0.8993
0.7913
0.7625
0.9504
0.7595
0.986
0.7283
0.1801
0.4002
0.9905
0.571
0.7946
0.9658
0.5998
0.7724
0.7632
0.9945
0.9721
0.9699
0.9275
0.5678
0.6783
0.3354
0.9408
0.7122
0.8458
0.8116
0.0179
0.9548
0.3698
0.2245
0.6656
*
