method 1
Large

0.1845
0.2673
0.3356
0.6781
0.0316
0.8961
0.4659
0.3057
0.4341
0.5898
0.828
0.5537
0.5087
0.1768
0.7038
0.0536
0.1262
0.5059
0.4156
0.93
0.7277
0.1646
0.1409
0.525
0.5389
0.889
0.6284
0.6555
0.4896
0.0205
0.4638
0.29
0.5568
0.0132
0.5489
0.5438
0.1146
0.055
0.5871
0.4901
0.9847
0.0023
0.8862
0.005
0.0656
0.8303
0.3803
0.4061
0.5386
0.3288
0.5182
0.845
0.9965
0.0117
0.7068
0.5497
0.7083
0.9019
0.0281
0.3578
0.1761
0.0089
*
0.7831
0.8872
0.4154
0.7314
0.5706
0.8167
0.3816
0.6812
0.9033
0.7961
0.6676
0.8257
0.311
0.6095
0.4937
0.5899
0.8201
0.9462
0.8505
0.7768
0.9737
0.9145
0.6653
0.7625
0.716
0.8289
0.7105
0.9181
0.31
0.4668
0.52
0.598
0.928
0.8435
0.7826
0.8067
0.5803
0.7842
0.7687
0.4571
0.6203
0.6765
0.7407
0.9235
0.696
0.6678
0.9771
0.6462
0.6493
0.9234
0.6242
0.8446
0.8284
0.8334
0.1272
0.8247
0.2219
0.4417
0.4536
0.0748
0.5728
0.2021
0.4763
0.5122
0.8115
0.307
0.8641
0.4061
0.2589
0.7857
0.7444
0.5788
0.5382
0.1402
0.4756
0.6201
0.8399
0.4753
0.4901
0.4541
0.9935
0.7284
0.7831
0.6671
0.8055
0.339
0.0979
0.7637
0.7711
0.8589
0.9883
0.6564
0.4825
0.6741
0.6742
0.6196
0.601
0.5529
0.4011
0.5535
0.7651
0.484
0.663
0.6289
0.7045
0.8343
0.8349
0.6834
0.6044
0.473
0.6634
0.0306
0.7887
0.2468
0.942
0.0047
0.7567
0.9932
0.4592
0.6955
*
