method 1
Large

0.2983
0.7841
0.0668
0.5449
0.4661
0.014
0.7277
0.4976
0.3003
0.2212
0.4632
0.4822
0.1791
0.3805
0.1644
0.6168
0.284
0.9467
0.2959
0.3852
0.5988
0.234
0.247
0.0373
0.4064
0.5579
0.467
0.4379
0.4993
0.5111
0.2461
0.4837
0.1275
0.2209
0.234
0.2892
0.487
0.162
0.2955
0.4647
0.2585
0.1408
0.0579
0.2666
0.8601
0.486
0.6292
0.4567
0.478
0.1284
0.6526
0.7792
0.0789
0.4883
0.2257
0.3447
0.475
0.1852
0.7115
0.4901
0.2013
0.31
*
0.1607
0.7932
0.9685
0.5922
0.488
0.785
0.7969
0.8657
0.6993
0.5752
0.9964
0.7537
0.9442
0.5679
0.6191
0.6584
0.8998
0.8099
0.6265
0.7473
0.2569
0.9914
0.9531
0.6328
0.5953
0.4649
0.7311
0.911
0.7303
0.8232
0.5991
0.2205
0.9138
0.2249
0.9219
0.6247
0.8953
0.4584
0.5903
0.8399
0.4723
0.1534
0.5963
0.611
0.5355
0.9482
0.9211
0.7881
0.1857
0.8744
0.9422
0.669
0.675
0.5405
0.6159
0.5429
0.7475
0.4536
0.9076
0.4895
0.4922
0.6053
0.7269
0.481
0.5539
0.9266
0.7398
0.2998
0.6651
0.918
0.4668
0.5193
0.5608
0.9594
0.4503
0.325
0.9573
0.5801
0.4539
0.4844
0.9554
0.8687
0.6532
0.9069
0.3609
0.6966
0.8459
0.7072
0.5125
0.2091
0.476
0.7416
0.568
0.8435
0.5413
0.7172
0.5891
0.5065
0.8915
0.5797
0.6317
0.6894
0.661
0.9962
0.9935
0.9885
0.8245
0.695
0.5864
0.9851
0.9707
0.2078
0.7529
0.64
0.6933
0.1556
0.2864
0.8149
0.7238
0.6803
*
