method 1
Large

0.8857
0.1755
0.2022
0.2573
0.2939
0.3051
0.4493
0.7402
0.8729
0.0477
0.4275
0.0277
0.3474
0.1888
0.3351
0.1865
0.1214
0.0777
0.2693
0.2813
0.5892
0.3197
0.3968
0.0439
0.7941
0.2104
0.2385
0.7241
0.0505
0.6752
0.0868
0.6699
0.0353
0.2143
0.6941
0.4331
0.2195
0.5592
0.1883
0.6256
0.3597
0.1262
0.248
0.0391
0.0075
0.3071
0.0344
0.0844
0.1747
0.7184
0.4185
0.3547
0.9511
0.1108
0.0292
0.6109
0.4454
0.8246
0.
0.6669
0.1791
0.1485
*
0.0565
0.7557
0.8742
0.6802
0.158
0.7099
0.6405
0.5783
0.6772
0.7013
0.7598
0.6879
0.8198
0.8921
0.8375
0.6485
0.6125
0.9608
0.5726
0.9247
0.8988
0.8753
0.9404
0.9079
0.6638
0.551
0.2595
0.9229
0.8199
0.6743
0.6474
0.9165
0.8255
0.8436
0.361
0.956
0.6627
0.3654
0.6383
0.898
0.7129
0.7564
0.8377
0.6629
0.8245
0.5699
0.5977
0.6186
0.2859
0.6311
0.8438
0.9871
0.9223
0.946
0.7596
0.6187
0.8333
0.9244
0.8774
0.2461
0.7377
0.0765
0.6695
0.4131
0.6422
0.3124
0.1909
0.6797
0.9794
0.9242
0.7431
0.8216
0.785
0.8454
0.1816
0.6067
0.7488
0.9944
0.7393
0.972
0.6634
0.752
0.7482
0.775
0.7852
0.8675
0.4075
0.824
0.9405
0.9854
0.8777
0.4112
0.9622
0.7513
0.4136
0.8981
0.7829
0.7774
0.232
0.7168
0.6307
0.898
0.9937
0.9035
0.1729
0.8574
0.5616
0.7993
0.7321
0.6456
0.9071
0.7236
0.3675
0.6137
0.405
0.8627
0.8061
0.9415
0.3983
0.5776
*
