method 1
Large

0.8198
0.7387
0.4322
0.9716
0.6007
0.3159
0.4251
0.2284
0.7764
0.4349
0.37
0.4206
0.0979
0.3409
0.692
0.0737
0.7289
0.8175
0.2463
0.4641
0.4104
0.3151
0.5843
0.5132
0.1254
0.8051
0.1564
0.8839
0.7245
0.4173
0.1004
0.7454
0.3953
0.48
0.5295
0.4791
0.3792
0.1764
0.5577
0.8996
0.1359
0.2105
0.6527
0.4764
0.8608
0.302
0.1166
0.2653
0.3933
0.4877
0.6239
0.7218
0.6177
0.2095
0.2088
0.5874
0.9626
0.6243
0.0727
0.7985
0.3547
0.3004
*
0.456
0.4202
0.9423
0.7745
0.5287
0.9121
0.965
0.4388
0.4457
0.3625
0.9847
0.891
0.2182
0.9616
0.7105
0.2045
0.592
0.9221
0.6741
0.9231
0.4108
0.8789
0.7611
0.9327
0.5394
0.6883
0.4984
0.9021
0.4867
0.4666
0.5412
0.831
0.5914
0.5082
0.6548
0.9469
0.8799
0.7873
0.4777
0.7282
0.5983
0.5888
0.9769
0.7743
0.8287
0.6343
0.5274
0.4776
0.3126
0.6607
0.9032
0.4756
0.6208
0.7978
0.0948
0.7325
0.9782
0.3918
0.9993
0.6618
0.7355
0.4861
0.5585
0.6995
0.551
0.9897
0.6739
0.451
0.8722
0.4042
0.4019
0.8843
0.9237
0.7563
0.7387
0.8652
0.4607
0.2002
0.6608
0.6176
0.5121
0.788
0.8904
0.5685
0.3355
0.4993
0.9318
0.5682
0.6342
0.9783
0.7627
0.6222
0.8488
0.1615
0.4701
0.8602
0.6933
0.8609
0.4099
0.6425
0.5081
0.7824
0.4583
0.4945
0.5511
0.4659
0.3226
0.4988
0.2703
0.6326
0.212
0.9479
0.9807
0.933
0.434
0.8248
0.8709
0.1281
0.2483
0.1555
*
