method 1
Large

0.1108
0.0976
0.5502
0.4857
0.489
0.2384
0.1449
0.9751
0.7131
0.4582
0.1196
0.9083
0.3342
0.5145
0.7523
0.5948
0.1841
0.5435
0.8814
0.2082
0.7008
0.6915
0.2861
0.15
0.0854
0.4999
0.5082
0.9155
0.187
0.9614
0.0661
0.9287
0.9555
0.7006
0.551
0.5153
0.2626
0.6324
0.2516
0.0692
0.6383
0.472
0.859
0.6194
0.0603
0.3956
0.6491
0.0588
0.4058
0.1145
0.5827
0.0932
0.0567
0.144
0.5234
0.531
0.5174
0.1728
0.6885
0.905
0.258
0.4578
*
0.6091
0.3923
0.4757
0.2435
0.9895
0.7304
0.6532
0.9866
0.9671
0.946
0.6067
0.4937
0.8917
0.4034
0.1866
0.1751
0.5446
0.4414
0.0572
0.7758
0.5498
0.7857
0.6024
0.8593
0.9124
0.8167
0.4368
0.4965
0.4434
0.5771
0.7513
0.4958
0.7659
0.9736
0.7211
0.2727
0.4028
0.8008
0.9799
0.9009
0.696
0.4864
0.059
0.882
0.7619
0.5756
0.7918
0.5841
0.8945
0.5738
0.5226
0.7135
0.4447
0.5435
0.6483
0.4257
0.3258
0.9234
0.9507
0.5454
0.7167
0.6247
0.8978
0.2292
0.6299
0.8204
0.1085
0.4756
0.4467
0.6216
0.5708
0.8579
0.74
0.5616
0.8934
0.9549
0.8946
0.6099
0.714
0.4646
0.5294
0.7185
0.9812
0.1531
0.8712
0.8709
0.8346
0.5475
0.8052
0.5734
0.9307
0.7686
0.6666
0.5836
0.9764
0.9562
0.6799
0.7947
0.7981
0.6281
0.894
0.3032
0.8022
0.9821
0.8991
0.1541
0.7527
0.5063
0.7664
0.0817
0.1055
0.856
0.9631
0.5105
0.8324
0.4009
0.1441
0.651
0.9779
0.9352
*
