method 1
Large

0.8373
0.7164
0.8461
0.7251
0.2549
0.2492
0.1309
0.7812
0.3755
0.417
0.5398
0.6451
0.9319
0.4006
0.0879
0.7617
0.6483
0.6466
0.3852
0.0098
0.6284
0.6859
0.7523
0.9804
0.5061
0.2237
0.1179
0.3085
0.0609
0.0332
0.8848
0.9775
0.1473
0.0747
0.1866
0.926
0.2445
0.7656
0.4615
0.4671
0.5236
0.5687
0.2416
0.1349
0.8328
0.1096
0.0428
0.3926
0.1603
0.4859
0.5699
0.3253
0.9371
0.9784
0.0046
0.2811
0.2229
0.9352
0.2737
0.6573
0.7333
0.6837
*
0.3308
0.0405
0.5004
0.4148
0.0488
0.6602
0.3469
0.9306
0.9497
0.8178
0.4857
0.5644
0.232
0.9255
0.7178
0.5961
0.7845
0.4723
0.7914
0.9364
0.8521
0.8044
0.6599
0.8288
0.0865
0.9892
0.5859
0.0857
0.9404
0.6076
0.877
0.6325
0.9718
0.5431
0.8962
0.5349
0.354
0.1308
0.8914
0.9658
0.6328
0.8633
0.8355
0.7977
0.7093
0.6594
0.953
0.9734
0.6463
0.7604
0.9789
0.5658
0.3143
0.523
0.7052
0.8522
0.4126
0.6982
0.3721
0.8621
0.5867
0.6982
0.7826
0.8564
0.7261
0.1148
0.8682
0.3428
0.7336
0.6691
0.9255
0.9098
0.8281
0.7837
0.5391
0.9446
0.6245
0.866
0.5363
0.9575
0.7698
0.5159
0.5087
0.7491
0.6126
0.9386
0.6667
0.2027
0.3566
0.6436
0.7029
0.8736
0.6263
0.9232
0.5897
0.7701
0.9939
0.9953
0.5864
0.9753
0.9483
0.2634
0.493
0.0524
0.4094
0.2278
0.5329
0.5134
0.6156
0.6789
0.5974
0.5437
0.9279
0.8262
0.8179
0.4376
0.9522
0.9896
0.5837
0.5844
*
