method 1
Large

0.328
0.1185
0.0103
0.4448
0.3517
0.0492
0.0665
0.1466
0.0839
0.1531
0.2444
0.0794
0.1472
0.2272
0.4266
0.048
0.0799
0.0616
0.0497
0.1369
0.2537
0.3743
0.2571
0.284
0.0277
0.2691
0.2962
0.0601
0.7085
0.2178
0.0687
0.218
0.2757
0.144
0.1038
0.4313
0.0273
0.0515
0.2332
0.3394
0.1143
0.9868
0.3521
0.2071
0.2594
0.0999
0.1502
0.0765
0.2113
0.151
0.0544
0.578
0.3026
0.4408
0.3223
0.7162
0.1108
0.9799
0.0972
0.2707
0.2905
0.3627
0.3337
0.1503
0.4435
0.4491
0.4376
0.3249
0.2163
0.2633
0.3346
0.3421
0.2357
0.0989
0.099
0.2681
0.2847
0.2328
0.0632
0.116
0.3672
0.0337
0.9903
0.8101
0.2523
0.1359
0.007
0.2749
0.2018
0.1588
0.7306
0.1871
0.0322
0.4354
0.1098
0.898
0.1487
0.23
0.2785
0.3081
0.1423
0.3191
0.323
0.0161
0.0739
0.337
0.2368
0.2119
0.117
0.2485
0.2229
0.3334
0.1405
0.0135
0.2322
0.3059
0.292
0.2719
0.2376
0.1226
0.3759
0.3332
0.3333
0.0068
0.1573
0.9786
0.1413
0.4225
0.4449
0.2341
0.9821
0.1782
0.3303
0.3541
0.2442
0.209
0.9172
0.0792
0.4248
0.3882
0.4001
0.1795
0.2788
0.127
0.3759
0.4447
0.0922
0.2534
0.2103
0.3767
0.1355
0.0022
0.9801
0.4327
0.1629
0.2801
*
0.0033
0.8642
0.7821
0.9286
0.6052
0.9526
0.334
0.6567
0.6671
0.6221
0.7691
0.9678
0.6617
0.3883
0.5699
0.7328
0.8972
0.6266
0.6079
0.7862
0.8288
0.8351
0.3418
0.0843
0.8997
0.8659
*
