method 1
Large

0.6192
0.1859
0.193
0.3565
0.5446
0.8682
0.4274
0.126
0.4383
0.4092
0.0391
0.3581
0.4568
0.1275
0.1378
0.3826
0.1787
0.301
0.4265
0.1183
0.0255
0.5172
0.816
0.3314
0.066
0.1288
0.7506
0.2902
0.5983
0.5573
0.2895
0.1406
0.4202
0.261
0.0154
0.3945
0.1979
0.6641
0.0048
0.0173
0.3575
0.1118
0.0642
0.4594
0.0465
0.6812
0.1661
0.9895
0.5071
0.2763
0.046
0.484
0.2393
0.6012
0.3796
0.8213
0.1097
0.0142
0.1427
0.0294
0.4014
0.0751
0.0152
0.1308
0.3282
0.1474
0.3617
0.7775
0.5012
0.1548
0.7812
0.3327
0.339
0.1592
0.5479
0.001
0.9807
0.4567
0.53
0.4155
0.5975
0.4947
0.3434
0.3054
0.2352
0.4087
0.2931
0.2519
0.3062
0.0898
0.9995
0.4691
0.0446
0.1316
0.3505
0.3595
0.056
0.3964
0.4144
0.5408
0.5649
0.222
0.146
0.4476
0.0726
0.1648
0.5415
0.0077
0.2198
0.256
0.1273
0.4613
0.5359
0.3457
0.1086
0.4851
0.2768
0.3259
0.3003
0.4775
0.1128
0.37
0.1609
0.3535
0.8221
0.3658
0.1868
0.0437
0.3211
0.0942
0.7945
0.0402
0.2945
0.6232
0.2603
0.1025
0.4917
0.1672
0.5369
0.0515
0.8822
0.2978
0.1134
0.5913
0.6697
0.2022
0.4163
0.1165
0.124
0.3083
0.275
0.4023
0.5222
0.3334
0.242
0.0566
*
0.4493
0.765
0.5525
0.4628
0.6544
0.5742
0.2336
0.35
0.7859
0.7938
0.5592
0.848
0.2535
0.8184
0.7677
0.5598
0.878
0.8154
0.4807
0.4587
0.9534
0.4711
0.5347
0.0325
0.5239
0.777
*
