method 1
Large

0.4559
0.4596
0.2862
0.2252
0.0299
0.5476
0.746
0.5318
0.5446
0.353
0.3576
0.1259
0.6284
0.5836
0.2172
0.6161
0.3338
0.4906
0.4052
0.4533
0.4891
0.0436
0.5597
0.5023
0.2468
0.3575
0.0607
0.7845
0.1538
0.5562
0.0675
0.0766
0.2747
0.5097
0.3045
0.3711
0.2103
0.9118
0.3157
0.4958
0.5314
0.0603
0.0828
0.9567
0.253
0.3499
0.2391
0.2842
0.8511
0.562
0.1757
0.5746
0.3647
0.2625
0.9374
0.0188
0.7036
0.5885
0.4312
0.474
0.4969
0.1687
0.4824
0.0041
0.2593
0.0527
0.0472
0.515
0.312
0.0714
0.1611
0.3461
0.4759
0.4838
0.523
0.1597
0.3514
0.4958
0.2366
0.2891
0.6373
0.4282
0.1887
0.2494
0.0024
0.1207
0.7588
0.1396
0.3609
0.1353
0.547
0.2621
0.0808
0.0002
0.4455
0.2724
0.4801
0.0946
0.5997
0.5626
0.7997
0.4259
0.0786
0.9489
0.3042
0.033
0.562
0.0313
0.2519
0.6017
0.4198
0.4813
0.1059
0.2451
0.2374
0.0618
0.1112
0.4438
0.5583
0.9045
0.3076
0.2764
0.3566
0.2701
0.2254
0.6001
0.6429
0.572
0.2327
0.3393
0.8704
0.2952
0.7462
0.2415
0.5029
0.0312
0.1478
0.4399
0.3838
0.6159
0.683
0.5063
0.7983
0.5934
0.6133
0.628
0.1249
0.1606
0.3312
0.0335
0.0959
0.6384
0.5836
0.7493
0.032
0.6487
*
0.4483
0.5156
0.7736
0.4003
0.4481
0.0422
0.6661
0.888
0.1715
0.7785
0.9816
0.4864
0.8148
0.6456
0.8974
0.6964
0.4486
0.4198
0.4464
0.6621
0.4206
0.1867
0.6846
0.7597
0.8253
0.6703
*
