method 1
Large

0.506
0.875
0.495
0.544
0.353
0.248
0.004
0.365
0.222
0.007
0.117
0.222
0.459
0.103
0.433
0.463
0.516
0.165
0.133
0.172
0.326
0.071
0.274
0.545
0.394
0.32
0.296
0.171
0.479
0.166
0.277
0.476
0.34
0.346
0.07
0.472
0.342
0.177
0.076
0.511
0.088
0.375
0.25
0.23
0.362
0.328
0.171
0.135
0.328
0.54
0.231
0.208
0.291
0.01
0.014
0.31
0.212
0.395
0.332
0.332
0.175
0.442
0.118
0.49
0.046
0.022
0.033
0.402
0.077
0.466
0.062
0.271
0.038
0.281
0.116
0.327
0.279
0.01
0.012
0.188
0.98
0.434
0.27
0.09
0.426
0.548
0.259
0.137
0.275
0.377
0.272
0.433
0.343
0.091
0.401
0.481
0.435
0.52
0.008
0.227
0.44
0.384
0.184
0.124
0.199
0.486
0.136
0.224
0.205
0.225
0.103
0.232
0.211
0.453
0.041
0.479
0.309
0.458
0.102
0.312
0.194
0.382
0.12
0.117
0.223
0.081
0.174
0.385
0.2
0.47
0.259
0.297
0.022
0.459
0.408
0.377
0.365
0.342
0.176
0.218
0.477
0.304
0.056
0.138
0.352
0.506
0.238
0.092
0.167
0.412
0.927
0.168
0.188
0.356
0.27
0.141
*
0.509
0.582
0.654
0.062
0.623
0.602
0.391
0.378
0.635
0.198
0.628
0.707
0.774
0.607
0.276
0.724
0.373
0.318
0.788
0.615
0.311
0.521
0.075
0.328
0.374
0.483
*
