method 1
Large

0.2067
0.0391
0.3803
0.5674
0.3567
0.5236
0.1251
0.6719
0.1913
0.5347
0.1674
0.2693
0.2734
0.6797
0.3802
0.5974
0.2606
0.1641
0.6175
0.3419
0.3689
0.235
0.0578
0.2168
0.3533
0.6433
0.0038
0.2926
0.7506
0.2595
0.1462
0.0908
0.3066
0.2303
0.3708
0.1613
0.2276
0.3691
0.2961
0.9511
0.4916
0.318
0.2275
0.0711
0.2926
0.2722
0.3122
0.6007
0.0785
0.8037
0.114
0.4936
0.4037
0.1223
0.0465
0.0011
0.1244
0.467
0.0382
0.251
0.229
0.519
0.2581
0.0083
0.6723
0.0556
0.3178
0.0769
0.2101
0.2948
0.1797
0.4485
0.4894
0.2627
0.3855
0.218
0.0998
0.1737
0.8031
0.5026
0.3083
0.2377
0.2485
0.5976
0.958
0.3551
0.0238
0.2786
0.3611
0.3702
0.2147
0.281
0.1841
0.8129
0.2758
0.2087
0.252
0.8205
0.4969
0.084
0.104
0.2098
0.6689
0.1697
0.2785
0.4727
0.1995
0.7681
0.3127
0.3263
0.2941
0.3483
0.0925
0.241
0.3831
0.2578
0.0741
0.2645
0.189
0.0755
0.1528
0.9403
0.5437
0.2252
0.3575
0.0372
0.1769
0.8551
0.1785
0.537
0.8081
0.6043
0.0989
0.072
0.1488
0.1698
0.3636
0.174
0.4462
0.9179
0.2324
0.2307
0.009
0.3561
0.9652
0.7616
0.2849
0.3409
0.8088
0.1461
0.0481
0.1544
0.0099
0.1144
0.1824
0.2324
*
0.9567
0.7316
0.4972
0.6885
0.9364
0.7339
0.2119
0.9833
0.8012
0.2637
0.6972
0.5569
0.3653
0.8576
0.9574
0.6748
0.9556
0.7075
0.6665
0.6951
0.6571
0.7722
0.8898
0.7828
0.9099
0.2223
*
