method 1
Large

0.309
0.264
0.486
0.622
0.529
0.272
0.288
0.143
0.002
0.2
0.124
0.024
0.374
0.371
0.086
0.119
0.336
0.578
0.479
0.516
0.535
0.341
0.102
0.439
0.241
0.441
0.533
0.611
0.457
0.221
0.56
0.447
0.401
0.455
0.138
0.397
0.551
0.274
0.564
0.063
0.24
0.116
0.03
0.574
0.647
0.498
0.321
0.594
0.581
0.453
0.627
0.001
0.363
0.024
0.05
0.098
0.555
0.326
0.027
0.57
0.56
0.555
0.484
0.117
0.28
0.571
0.09
0.271
0.129
0.728
0.277
0.041
0.456
0.567
0.101
0.277
0.051
0.279
0.174
0.421
0.073
0.319
0.496
0.464
0.432
0.251
0.226
0.086
0.247
0.281
0.566
0.34
0.162
0.264
0.586
0.023
0.314
0.115
0.158
0.508
0.551
0.77
0.37
0.282
0.476
0.601
0.516
0.439
0.253
0.543
0.074
0.474
0.601
0.047
0.024
0.035
0.545
0.419
0.305
0.594
0.365
0.356
0.337
0.367
0.182
0.533
0.261
0.372
0.357
0.627
0.591
0.466
0.581
0.438
0.236
0.535
0.082
0.247
0.125
0.2
0.558
0.641
0.11
0.548
0.427
0.342
0.379
0.191
0.333
0.184
0.245
0.639
0.063
0.461
0.023
0.419
*
0.402
0.644
0.992
0.691
0.631
0.539
0.233
0.373
0.678
0.468
0.556
0.165
0.373
0.617
0.359
0.502
0.974
0.191
0.96
0.973
0.434
0.907
0.386
0.818
0.059
0.655
*
