method 1
Large

0.9049
0.3825
0.057
0.1197
0.0752
0.3597
0.3106
0.0487
0.3507
0.3529
0.3644
0.4163
0.0865
0.2405
0.3198
0.409
0.0521
0.3831
0.4076
0.7795
0.1642
0.0898
0.2857
0.405
0.1613
0.2675
0.8881
0.3828
0.3478
0.1371
0.2264
0.2846
0.1548
0.1229
0.2897
0.2314
0.2896
0.1204
0.3003
0.1818
0.3181
0.1498
0.6455
0.2414
0.0887
0.2173
0.0201
0.752
0.1752
0.3533
0.403
0.3113
0.4486
0.151
0.4306
0.3543
0.274
0.2404
0.4086
0.0376
0.1986
0.3477
0.2033
0.1676
0.1744
0.1078
0.7297
0.2029
0.0862
0.3375
0.1926
0.3365
0.2697
0.2988
0.3628
0.7492
0.0188
0.4269
0.1638
0.1711
0.1221
0.6081
0.2032
0.3489
0.3212
0.4198
0.1287
0.041
0.1598
0.3399
0.2944
0.1973
0.2814
0.1491
0.3196
0.3965
0.3757
0.2695
0.2463
0.9765
0.3971
0.3554
0.3191
0.8902
0.415
0.2758
0.3211
0.0439
0.238
0.3133
0.7608
0.2925
0.2163
0.0976
0.2031
0.3895
0.4051
0.1298
0.2972
0.6826
0.1174
0.3662
0.3818
0.1357
0.2711
0.201
0.2158
0.3352
0.1253
0.3135
0.1374
0.2707
0.0319
0.1293
0.3308
0.1898
0.4125
0.0164
0.2816
0.2588
0.4173
0.1461
0.3288
0.1033
0.7584
0.4312
0.449
0.1779
0.3133
0.3391
0.2836
0.03
0.2604
0.2685
0.2637
0.1918
*
0.5888
0.9166
0.7125
0.638
0.573
0.8355
0.9758
0.8289
0.8413
0.5735
0.9054
0.8001
0.9516
0.5599
0.8183
0.8453
0.6319
0.7115
0.5629
0.0464
0.6599
0.6865
0.9062
0.9194
0.3047
0.1839
*
