method 1
Large

0.5726
0.5095
0.5492
0.1015
0.382
0.0519
0.0731
0.2013
0.9151
0.394
0.5295
0.5552
0.3024
0.3075
0.1711
0.1818
0.2614
0.5531
0.4368
0.5744
0.7352
0.5515
0.538
0.0997
0.1414
0.4684
0.5445
0.564
0.2674
0.4029
0.4323
0.111
0.5407
0.3761
0.0203
0.4749
0.5202
0.0134
0.166
0.4815
0.5864
0.756
0.2528
0.5428
0.414
0.2906
0.1219
0.0718
0.4301
0.113
0.178
0.1528
0.2867
0.4115
0.0723
0.4867
0.1259
0.5226
0.0685
0.127
0.3617
0.5803
0.3387
0.4797
0.0936
0.0667
0.2291
0.1044
0.4151
0.5238
0.2834
0.2454
0.0737
0.0047
0.1976
0.459
0.2637
0.2711
0.3131
0.4692
0.3816
0.5932
0.4751
0.0647
0.5931
0.1087
0.072
0.0759
0.408
0.5118
0.039
0.2869
0.3853
0.2171
0.0286
0.6892
0.0439
0.3692
0.9201
0.3576
0.3778
0.1485
0.0813
0.3918
0.4031
0.4351
0.3205
0.4962
0.244
0.3717
0.5519
0.5803
0.2507
0.2486
0.3807
0.5443
0.447
0.4131
0.2577
0.2616
0.4205
0.5087
0.4058
0.0205
0.0302
0.0899
0.9355
0.1958
0.483
0.5317
0.1079
0.5056
0.4418
0.0721
0.9116
0.5041
0.366
0.0915
0.5726
0.2619
0.0613
0.3919
0.9583
0.1859
0.1016
0.4103
0.2706
0.5939
0.7245
0.3657
0.0546
0.1335
0.3956
0.2547
0.5873
0.5436
*
0.7689
0.8801
0.6246
0.5346
0.6426
0.877
0.0189
0.54
0.7933
0.6562
0.9506
0.0426
0.4529
0.4825
0.9165
0.0701
0.7912
0.5395
0.5823
0.5
0.991
0.2238
0.5529
0.4228
0.8981
0.4381
*
