method 1
Large

0.0483
0.3345
0.3772
0.1427
0.2978
0.6469
0.11
0.2331
0.2415
0.209
0.2632
0.3648
0.4581
0.6225
0.2677
0.2729
0.5236
0.0969
0.3113
0.0403
0.3369
0.1429
0.3079
0.3814
0.6116
0.2319
0.1322
0.5039
0.0334
0.4257
0.0205
0.2733
0.5157
0.3539
0.096
0.3382
0.3868
0.0364
0.0372
0.0569
0.4248
0.3592
0.3137
0.3266
0.4869
0.2584
0.2433
0.3064
0.2274
0.5305
0.2141
0.4479
0.0766
0.2807
0.1622
0.1537
0.1948
0.2742
0.3539
0.0255
0.8067
0.2538
0.3224
0.8788
0.284
0.1469
0.5012
0.1933
0.1632
0.6665
0.3943
0.0573
0.0459
0.3548
0.1233
0.7507
0.5217
0.4544
0.2759
0.3288
0.0811
0.0506
0.0531
0.1967
0.3651
0.082
0.4527
0.4856
0.3035
0.2885
0.107
0.3169
0.5426
0.1304
0.3234
0.3552
0.2354
0.3273
0.2284
0.1031
0.2105
0.0184
0.2828
0.2913
0.0985
0.111
0.3924
0.3802
0.1251
0.0939
0.0018
0.6011
0.9213
0.2961
0.7932
0.2265
0.2159
0.243
0.3477
0.1884
0.148
0.3007
0.0025
0.3084
0.3315
0.9771
0.3689
0.3164
0.2892
0.1367
0.2474
0.2122
0.2154
0.0685
0.2665
0.2169
0.2367
0.4745
0.4676
0.0555
0.2108
0.1717
0.4193
0.0643
0.4293
0.0449
0.1651
0.4667
0.9569
0.5337
0.2612
0.4946
0.3667
0.0559
0.0911
0.3594
*
0.2112
0.5274
0.7632
0.8667
0.8762
0.6454
0.6748
0.3118
0.5452
0.8467
0.8487
0.6361
0.6433
0.7971
0.2102
0.3752
0.9213
0.6566
0.8743
0.9671
0.9138
0.6586
0.7349
0.1174
0.6641
0.9514
*
