method 1
Large

0.004
0.261
0.091
0.254
0.083
0.147
0.01
0.186
0.453
0.521
0.153
0.007
0.834
0.164
0.383
0.094
0.403
0.026
0.087
0.701
0.206
0.132
0.022
0.263
0.271
0.439
0.192
0.379
0.12
0.538
0.355
0.267
0.173
0.476
0.353
0.049
0.322
0.164
0.09
0.428
0.108
0.218
0.7
0.46
0.405
0.187
0.516
0.051
0.495
0.321
0.181
0.224
0.205
0.362
0.513
0.7
0.017
0.256
0.445
0.26
0.347
0.229
0.719
0.178
0.372
0.543
0.135
0.299
0.018
0.4
0.135
0.191
0.928
0.07
0.045
0.207
0.064
0.203
0.216
0.365
0.406
0.699
0.067
0.259
0.11
0.14
0.52
0.188
0.041
0.022
0.042
0.442
0.378
0.054
0.278
0.835
0.177
0.31
0.016
0.161
0.071
0.184
0.48
0.242
0.278
0.003
0.464
0.418
0.032
0.193
0.14
0.396
0.301
0.409
0.387
0.064
0.274
0.629
0.135
0.085
0.29
0.116
0.283
0.371
0.449
0.15
0.532
0.078
0.751
0.166
0.29
0.21
0.17
0.419
0.339
0.244
0.37
0.089
0.48
0.327
0.053
0.234
0.182
0.024
0.771
0.385
0.663
0.24
0.514
0.024
0.446
0.429
0.105
0.216
0.458
0.151
*
0.805
0.734
0.744
0.711
0.672
0.632
0.512
0.59
0.62
0.488
0.523
0.938
0.68
0.151
0.062
0.911
0.544
0.744
0.503
0.708
0.567
0.968
0.997
0.499
0.964
0.791
*
