method 1
Large

0.113
0.641
0.679
0.37
0.547
0.228
0.864
0.116
0.435
0.116
0.295
0.142
0.45
0.238
0.025
0.108
0.352
0.33
0.516
0.152
0.22
0.695
0.886
0.012
0.279
0.031
0.185
0.354
0.527
0.254
0.135
0.183
0.018
0.111
0.012
0.352
0.537
0.389
0.778
0.105
0.548
0.518
0.429
0.011
0.265
0.181
0.172
0.424
0.023
0.985
0.497
0.463
0.22
0.123
0.525
0.157
0.157
0.508
0.32
0.11
0.506
0.494
0.521
0.39
0.4
0.047
0.075
0.487
0.126
0.378
0.235
0.22
0.01
0.08
0.151
0.296
0.007
0.407
0.041
0.333
0.033
0.469
0.323
0.302
0.078
0.077
0.086
0.198
0.495
0.39
0.52
0.245
0.182
0.895
0.408
0.119
0.504
0.672
0.438
0.432
0.155
0.355
0.234
0.527
0.45
0.506
0.391
0.18
0.486
0.325
0.08
0.155
0.291
0.224
0.492
0.151
0.093
0.467
0.234
0.183
0.176
0.348
0.834
0.125
0.459
0.094
0.278
0.312
0.098
0.181
0.222
0.13
0.375
0.05
0.296
0.383
0.123
0.357
0.279
0.486
0.218
0.097
0.095
0.199
0.044
0.303
0.072
0.46
0.004
0.125
0.239
0.045
0.065
0.283
0.22
0.502
*
0.856
0.699
0.943
0.706
0.495
0.971
0.663
0.567
0.668
0.994
0.048
0.567
0.826
0.79
0.52
0.728
0.998
0.556
0.587
0.886
0.503
0.714
0.83
0.624
0.608
0.844
*
