method 1
Large

0.2355
0.3358
0.3669
0.2623
0.5176
0.2035
0.3332
0.2279
0.1673
0.0574
0.3342
0.2291
0.1211
0.3281
0.2761
0.3338
0.2331
0.2823
0.2067
0.0868
0.115
0.3789
0.1675
0.2317
0.0031
0.0941
0.1268
0.3952
0.0884
0.5116
0.5258
0.2835
0.2793
0.3006
0.2009
0.3859
0.5129
0.2892
0.5304
0.1738
0.3867
0.2052
0.018
0.1729
0.2869
0.0836
0.4361
0.2336
0.1473
0.2063
0.2558
0.4979
0.1254
0.365
0.3219
0.2729
0.2595
0.9502
0.4692
0.1106
0.1348
0.1255
0.5115
0.3274
0.0141
0.1186
0.1122
0.4355
0.9404
0.8446
0.2336
0.3911
0.312
0.1551
0.3409
0.5263
0.0279
0.5337
0.1451
0.1681
0.3888
0.0415
0.4994
0.7088
0.4084
0.5254
0.279
0.2328
0.1292
0.3629
0.3897
0.1166
0.4214
0.1559
0.3946
0.2899
0.3629
0.2148
0.2191
0.253
0.4012
0.1858
0.2717
0.156
0.2841
0.028
0.2689
0.8997
0.3975
0.0906
0.3278
0.8398
0.1892
0.3082
0.3961
0.6495
0.7842
0.3024
0.0611
0.1617
0.7759
0.3136
0.1621
0.0162
0.3231
0.3064
0.224
0.0723
0.5203
0.6342
0.3893
0.0365
0.3457
0.2918
0.0185
0.7552
0.3465
0.2715
0.3879
0.2012
0.5321
0.2656
0.081
0.152
0.3216
0.2459
0.2507
0.3157
0.4691
0.0209
0.9413
0.3371
0.2613
0.066
0.8973
0.1916
*
0.612
0.5389
0.6146
0.7553
0.8324
0.546
0.4814
0.9803
0.961
0.8238
0.7378
0.7362
0.6124
0.1548
0.7413
0.9393
0.7962
0.8425
0.954
0.8
0.106
0.9701
0.6423
0.9129
0.7904
0.5224
*
