method 1
Large

0.556
0.4979
0.3639
0.3825
0.5292
0.5
0.4631
0.2478
0.7363
0.3748
0.2402
0.0421
0.1491
0.1749
0.1221
0.2286
0.4821
0.1528
0.4083
0.5148
0.2956
0.4283
0.5097
0.5971
0.5177
0.5655
0.4232
0.0034
0.3076
0.2631
0.1627
0.2332
0.3232
0.5507
0.396
0.2711
0.1246
0.5089
0.4221
0.3653
0.5286
0.5925
0.0515
0.0345
0.4239
0.0549
0.4415
0.1878
0.4287
0.3721
0.9785
0.4858
0.2635
0.4853
0.2198
0.3225
0.4731
0.1089
0.5024
0.4334
0.1024
0.1142
0.5655
0.438
0.3862
0.0931
0.4937
0.4501
0.6215
0.4389
0.967
0.1854
0.4474
0.1839
0.5581
0.1847
0.5693
0.3028
0.4887
0.1435
0.4389
0.214
0.0033
0.097
0.5079
0.0642
0.0547
0.4075
0.2239
0.5626
0.0842
0.2671
0.4995
0.2575
0.303
0.052
0.1463
0.0126
0.2703
0.4356
0.5705
0.4378
0.3487
0.3356
0.3096
0.4744
0.1211
0.5436
0.4313
0.4672
0.2998
0.4128
0.394
0.5052
0.1731
0.3668
0.1713
0.2702
0.1935
0.4144
0.4308
0.1816
0.2975
0.1423
0.2292
0.3824
0.028
0.1363
0.0112
0.1453
0.1302
0.534
0.2897
0.4785
0.9511
0.5116
0.379
0.4006
0.4158
0.139
0.1167
0.375
0.1466
0.2641
0.2023
0.3128
0.2486
0.0341
0.1937
0.1771
0.0627
0.2296
0.2752
0.5195
0.2204
0.4511
*
0.1994
0.2028
0.662
0.2511
0.5948
0.939
0.1671
0.9077
0.2664
0.9225
0.6534
0.4006
0.3828
0.3585
0.3171
0.7194
0.4147
0.5544
0.0889
0.745
0.3875
0.7796
0.7659
0.8749
0.5686
0.5861
*
