method 1
Large

0.3909
0.5944
0.5459
0.6216
0.4451
0.596
0.0273
0.2208
0.0847
0.385
0.2383
0.6226
0.4148
0.0255
0.0659
0.6457
0.1851
0.6166
0.0712
0.3741
0.5498
0.4981
0.2425
0.5611
0.0159
0.0411
0.2939
0.4979
0.523
0.0424
0.1891
0.2881
0.3792
0.2795
0.1015
0.2646
0.5278
0.5949
0.1412
0.0259
0.3835
0.5682
0.5686
0.2913
0.3445
0.0556
0.4269
0.3719
0.5308
0.4085
0.6224
0.311
0.1319
0.4029
0.2431
0.3543
0.6149
0.9138
0.4352
0.3837
0.0487
0.619
0.2458
0.4996
0.3089
0.5699
0.1539
0.1561
0.2042
0.4857
0.3936
0.4779
0.2004
0.4019
0.3955
0.606
0.592
0.0823
0.187
0.3551
0.0287
0.2297
0.26
0.0836
0.1428
0.2799
0.5165
0.5283
0.2857
0.5913
0.5831
0.447
0.6422
0.4343
0.2601
0.4634
0.2734
0.1688
0.2507
0.5008
0.6476
0.2924
0.3932
0.7808
0.0624
0.3766
0.5243
0.0191
0.4792
0.0163
0.5222
0.3045
0.5809
0.4399
0.4654
0.0379
0.3102
0.511
0.4468
0.2341
0.647
0.2782
0.2283
0.1895
0.4897
0.1022
0.2103
0.4162
0.0139
0.2138
0.04
0.1043
0.3232
0.584
0.3147
0.093
0.3341
0.0142
0.2711
0.2449
0.3087
0.534
0.045
0.4652
0.574
0.542
0.6422
0.5396
0.3337
0.3672
0.2681
0.6023
0.5149
0.5191
0.6287
0.594
*
0.6328
0.095
0.7892
0.9822
0.5808
0.9786
0.2916
0.4793
0.785
0.8073
0.5384
0.5719
0.1056
0.3695
0.9143
0.5659
0.9502
0.3538
0.6315
0.4417
0.9182
0.6079
0.5798
0.4087
0.6007
0.4541
*
