method 1
Large

0.629
0.187
0.265
0.389
0.237
0.028
0.022
0.247
0.851
0.851
0.159
0.318
0.199
0.32
0.43
0.493
0.156
0.851
0.068
0.178
0.528
0.28
0.118
0.239
0.348
0.171
0.191
0.288
0.913
0.5
0.371
0.476
0.796
0.277
0.056
0.446
0.637
0.355
0.405
0.525
0.051
0.201
0.156
0.456
0.231
0.238
0.054
0.479
0.427
0.302
0.1
0.376
0.273
0.17
0.06
0.13
0.502
0.179
0.542
0.705
0.238
0.292
0.482
0.391
0.236
0.54
0.765
0.079
0.383
0.311
0.397
0.386
0.326
0.078
0.072
0.15
0.558
0.141
0.536
0.082
0.377
0.247
0.516
0.368
0.312
0.338
0.422
0.341
0.355
0.114
0.483
0.295
0.293
0.243
0.189
0.49
0.293
0.619
0.309
0.506
0.765
0.512
0.091
0.511
0.323
0.193
0.206
0.761
0.281
0.053
0.354
0.307
0.104
0.414
0.471
0.457
0.375
0.122
0.335
0.011
0.455
0.387
0.989
0.301
0.192
0.304
0.662
0.505
0.045
0.82
0.1
0.307
0.289
0.474
0.417
0.483
0.504
0.312
0.114
0.366
0.251
0.381
0.74
0.068
0.261
0.155
0.636
0.536
0.145
0.046
0.287
0.523
0.248
0.78
0.438
0.183
*
0.867
0.901
0.496
0.001
0.658
0.829
0.984
0.958
0.557
0.786
0.568
0.182
0.699
0.904
0.68
0.905
0.612
0.483
0.05
0.91
0.963
0.484
0.842
0.134
0.588
0.486
*
