method 1
Large

0.2714
0.2471
0.9463
0.1925
0.0811
0.1959
0.2401
0.1036
0.4312
0.3068
0.2727
0.2718
0.3163
0.0323
0.2255
0.6856
0.0509
0.1641
0.0913
0.0374
0.962
0.2479
0.321
0.0966
0.1651
0.361
0.7535
0.5212
0.2212
0.2617
0.0972
0.328
0.2894
0.4994
0.0773
0.3144
0.056
0.0913
0.1739
0.3683
0.3449
0.0814
0.2523
0.4188
0.2383
0.0255
0.348
0.2004
0.3622
0.2632
0.5492
0.0283
0.4903
0.4081
0.2758
0.0331
0.0614
0.1373
0.2035
0.2445
0.3265
0.2941
0.2101
0.1413
0.004
0.1846
0.2478
0.5449
0.4776
0.2034
0.2278
0.357
0.8103
0.1096
0.2653
0.5062
0.2697
0.1052
0.2872
0.0304
0.3263
0.025
0.2156
0.8403
0.3489
0.5004
0.3792
0.9244
0.0815
0.8175
0.513
0.2547
0.2278
0.1847
0.2915
0.6501
0.0324
0.3156
0.2945
0.3221
0.294
0.6207
0.2504
0.62
0.4309
0.18
0.0366
0.3336
0.3018
0.1328
0.247
0.3277
0.2166
0.2817
0.9613
0.1519
0.357
0.3382
0.3003
0.0958
0.2361
0.0078
0.3293
0.1069
0.3179
0.6921
0.3657
0.129
0.2188
0.0611
0.0569
0.155
0.2414
0.521
0.3491
0.0844
0.2661
0.0726
0.2726
0.3628
0.0564
0.0704
0.0531
0.2874
0.2012
0.2388
0.37
0.0766
0.2519
0.3884
0.3669
0.1031
0.2044
0.4573
0.3012
0.2661
*
0.7243
0.5265
0.7308
0.744
0.782
0.7007
0.7804
0.7517
0.1924
0.9462
0.3193
0.8725
0.9263
0.8711
0.6259
0.8604
0.9829
0.9042
0.6464
0.8712
0.0263
0.6817
0.7672
0.6168
0.9791
0.8202
*
