method 1
Large

0.414
0.221
0.276
0.399
0.053
0.037
0.004
0.197
0.095
0.1
0.51
0.032
0.953
0.183
0.555
0.144
0.167
0.057
0.374
0.922
0.037
0.311
0.108
0.033
0.229
0.305
0.272
0.092
0.181
0.436
0.36
0.257
0.261
0.148
0.47
0.071
0.413
0.173
0.193
0.43
0.048
0.37
0.282
0.049
0.415
0.373
0.504
0.078
0.197
0.065
0.525
0.364
0.264
0.335
0.121
0.262
0.417
0.548
0.274
0.018
0.501
0.347
0.26
0.001
0.517
0.194
0.463
0.307
0.344
0.174
0.329
0.179
0.481
0.198
0.409
0.163
0.002
0.536
0.48
0.898
0.244
0.104
0.19
0.516
0.042
0.263
0.379
0.497
0.747
0.15
0.038
0.416
0.282
0.13
0.256
0.662
0.252
0.457
0.249
0.192
0.166
0.55
0.45
0.218
0.535
0.297
0.
0.548
0.483
0.376
0.386
0.384
0.802
0.257
0.468
0.187
0.027
0.252
0.546
0.088
0.341
0.952
0.547
0.213
0.483
0.227
0.455
0.547
0.79
0.015
0.457
0.294
0.34
0.839
0.066
0.405
0.049
0.141
0.309
0.095
0.155
0.166
0.318
0.901
0.348
0.917
0.116
0.544
0.196
0.221
0.538
0.522
0.31
0.489
0.914
0.548
*
0.497
0.694
0.473
0.667
0.073
0.986
0.766
0.723
0.317
0.205
0.504
0.09
0.245
0.582
0.877
0.208
0.079
0.149
0.597
0.151
0.753
0.503
0.689
0.544
0.933
0.495
*
