method 1
Large

0.2457
0.1374
0.6898
0.1852
0.1942
0.3467
0.0546
0.2154
0.3804
0.2681
0.1325
0.5086
0.0914
0.2047
0.4957
0.1994
0.6776
0.2479
0.0246
0.3294
0.2431
0.3554
0.326
0.6991
0.3558
0.3605
0.1887
0.1681
0.2676
0.0166
0.5421
0.2854
0.2809
0.0255
0.3876
0.3227
0.0949
0.319
0.2753
0.3334
0.1601
0.3511
0.1467
0.4315
0.0927
0.4817
0.0772
0.0035
0.7482
0.2956
0.3413
0.205
0.3487
0.3252
0.0085
0.1796
0.0368
0.1108
0.3114
0.2083
0.3906
0.2449
0.4363
0.7223
0.2344
0.3668
0.6852
0.0131
0.0926
0.5134
0.3121
0.2147
0.8061
0.7034
0.3044
0.3575
0.8865
0.3097
0.3003
0.2693
0.4474
0.3191
0.7773
0.1185
0.3664
0.4604
0.5123
0.0283
0.0435
0.3209
0.0258
0.0492
0.4595
0.3918
0.5405
0.0266
0.0905
0.1073
0.0328
0.0566
0.345
0.3516
0.4692
0.2849
0.2582
0.7647
0.4055
0.2246
0.2598
0.0274
0.2885
0.134
0.9084
0.1564
0.9684
0.2109
0.4616
0.4637
0.3155
0.3073
0.0057
0.0909
0.7549
0.0908
0.4814
0.4232
0.3994
0.5374
0.4367
0.4644
0.0624
0.2581
0.2788
0.0612
0.4787
0.1603
0.2643
0.4636
0.3584
0.5219
0.3488
0.2877
0.2292
0.4226
0.1427
0.2865
0.0039
0.7341
0.0725
0.2209
0.3309
0.2857
0.0151
0.333
0.2921
0.0317
*
0.7633
0.5445
0.808
0.6511
0.7262
0.9809
0.1748
0.6972
0.152
0.7293
0.8046
0.6072
0.7304
0.7703
0.6015
0.681
0.0344
0.296
0.6318
0.6379
0.6054
0.9109
0.1678
0.8583
0.3455
0.0492
*
