method 1
Large

0.3534
0.0627
0.5752
0.089
0.0236
0.3846
0.269
0.6453
0.0995
0.1389
0.6315
0.049
0.5143
0.3784
0.0351
0.5704
0.1854
0.4026
0.0969
0.4704
0.2119
0.2405
0.6218
0.5444
0.0441
0.2419
0.3028
0.2032
0.3382
0.3103
0.3244
0.106
0.2828
0.1857
0.0984
0.5755
0.4689
0.9868
0.2041
0.345
0.1922
0.123
0.4938
0.0658
0.2571
0.3439
0.2083
0.5862
0.3381
0.0142
0.3543
0.5957
0.2654
0.4945
0.6387
0.5655
0.071
0.5796
0.5668
0.3385
0.0722
0.7847
0.4577
0.2103
0.524
0.0978
0.3237
0.0163
0.5887
0.4619
0.6487
0.0767
0.434
0.0775
0.6413
0.6262
0.1941
0.0657
0.3082
0.0156
0.5891
0.2025
0.2908
0.0741
0.0334
0.126
0.268
0.525
0.4779
0.2187
0.6345
0.4665
0.569
0.4635
0.4097
0.6541
0.6363
0.3977
0.3242
0.0221
0.5309
0.1264
0.083
0.2138
0.6856
0.3584
0.5337
0.1024
0.1673
0.3973
0.0301
0.4345
0.2309
0.5348
0.5339
0.0072
0.7882
0.1664
0.5754
0.5961
0.1045
0.5594
0.5387
0.2579
0.1152
0.1684
0.3719
0.2551
0.4031
0.4302
0.2894
0.2596
0.3777
0.6323
0.1369
0.1986
0.5085
0.5391
0.5654
0.3011
0.5296
0.5822
0.4604
0.4472
0.3409
0.032
0.0061
0.544
0.1585
0.6176
0.2171
0.4997
0.3233
0.8787
0.3474
0.521
*
0.7729
0.3683
0.8279
0.4937
0.5104
0.5821
0.6307
0.6808
0.7135
0.4759
0.5845
0.9303
0.9719
0.744
0.4484
0.3413
0.1944
0.448
0.4183
0.4338
0.5349
0.7882
0.9112
0.937
0.361
0.7666
*
