method 1
Large

0.0477
0.1227
0.0562
0.4618
0.4022
0.28
0.5433
0.0137
0.4324
0.4279
0.4411
0.0818
0.1894
0.4574
0.6949
0.0397
0.0907
0.1472
0.231
0.0455
0.9316
0.2139
0.5021
0.169
0.7413
0.1607
0.1021
0.1314
0.2965
0.2841
0.7428
0.0027
0.049
0.036
0.2232
0.1178
0.4412
0.4749
0.4889
0.0135
0.3906
0.015
0.2853
0.2046
0.5902
0.281
0.4407
0.0171
0.5775
0.4543
0.3828
0.9161
0.0182
0.1756
0.0648
0.1911
0.5484
0.4292
0.1649
0.1946
0.1846
0.3626
0.0085
0.0307
0.1004
0.241
0.106
0.8416
0.1762
0.5542
0.0786
0.1658
0.7202
0.0251
0.0307
0.2749
0.4004
0.1068
0.3032
0.2007
0.1621
0.2442
0.9232
0.2523
0.4935
0.1576
0.4331
0.3811
0.1555
0.0634
0.4731
0.3531
0.4882
0.2883
0.1775
0.4792
0.0152
0.1556
0.4835
0.0563
0.7489
0.9278
0.1408
0.4588
0.0415
0.3834
0.1701
0.0159
0.4996
0.2086
0.1899
0.529
0.5204
0.1368
0.2016
0.2374
0.2011
0.5472
0.898
0.2151
0.8986
0.1806
0.4641
0.1171
0.1275
0.4675
0.2506
0.2711
0.2812
0.0276
0.1173
0.4212
0.1801
0.5393
0.3376
0.2901
0.3762
0.4002
0.1993
0.2632
0.4508
0.4672
0.3596
0.3644
0.1403
0.5053
0.4678
0.2933
0.507
0.7425
0.2765
0.4582
0.0978
0.758
0.7539
0.4174
*
0.7378
0.9551
0.6479
0.8406
0.7474
0.6745
0.7391
0.9197
0.7417
0.5228
0.6731
0.3695
0.5026
0.9073
0.8234
0.9786
0.5702
0.7589
0.6245
0.0822
0.714
0.7936
0.7178
0.5609
0.3079
0.7422
*
