method 1
Large

0.3419
0.0251
0.1914
0.3353
0.3055
0.4151
0.4184
0.4063
0.0264
0.4604
0.4537
0.0204
0.048
0.41
0.3206
0.117
0.5055
0.1105
0.4589
0.2317
0.0941
0.3396
0.4329
0.2911
0.4826
0.1364
0.2665
0.3487
0.2531
0.5114
0.9649
0.2514
0.8654
0.4332
0.2621
0.4645
0.1708
0.4141
0.332
0.2048
0.4171
0.2111
0.2732
0.5279
0.2728
0.1875
0.3026
0.4279
0.0831
0.3245
0.2337
0.4589
0.048
0.5109
0.42
0.1749
0.0699
0.4476
0.2777
0.3338
0.5278
0.3906
0.2488
0.0076
0.131
0.0837
0.5445
0.4201
0.2237
0.0659
0.3054
0.2188
0.037
0.1418
0.4805
0.4255
0.3879
0.4104
0.0357
0.0444
0.3453
0.1033
0.1198
0.3264
0.0715
0.1975
0.336
0.3096
0.2717
0.3932
0.3356
0.4623
0.0325
0.4009
0.939
0.333
0.3573
0.2867
0.521
0.378
0.0385
0.2625
0.4327
0.1066
0.2948
0.0559
0.3931
0.3693
0.1594
0.3301
0.5286
0.4096
0.5211
0.2595
0.3441
0.1098
0.1631
0.5437
0.5244
0.0786
0.3047
0.3214
0.1684
0.4383
0.1783
0.0331
0.2965
0.2601
0.3268
0.0301
0.25
0.4688
0.212
0.2425
0.1541
0.4815
0.0659
0.3114
0.341
0.0176
0.1477
0.4006
0.3758
0.0932
0.2784
0.4951
0.068
0.4092
0.0891
0.4615
0.1282
0.2817
0.1444
0.465
0.2146
0.2394
*
0.4096
0.067
0.5186
0.4726
0.0401
0.78
0.5593
0.9702
0.4953
0.4485
0.7116
0.8475
0.0098
0.5204
0.4546
0.6782
0.948
0.0413
0.203
0.2364
0.5204
0.7114
0.8237
0.2838
0.1203
0.7206
*
