method 1
Large

0.067
0.243
0.507
0.455
0.379
0.597
0.489
0.341
0.448
0.341
0.124
0.09
0.07
0.523
0.168
0.259
0.07
0.101
0.467
0.439
0.257
0.481
0.411
0.403
0.629
0.142
0.629
0.344
0.302
0.087
0.338
0.038
0.625
0.038
0.251
0.293
0.065
0.718
0.327
0.191
0.608
0.259
0.329
0.374
0.19
0.239
0.628
0.184
0.062
0.578
0.184
0.623
0.104
0.588
0.121
0.558
0.429
0.048
0.433
0.209
0.574
0.522
0.583
0.137
0.377
0.559
0.027
0.6
0.412
0.249
0.059
0.643
0.332
0.032
0.41
0.086
0.554
0.346
0.415
0.037
0.275
0.623
0.084
0.548
0.6
0.563
0.351
0.041
0.644
0.604
0.397
0.282
0.567
0.236
0.278
0.359
0.248
0.933
0.254
0.121
0.286
0.338
0.327
0.455
0.645
0.448
0.201
0.354
0.414
0.544
0.346
0.027
0.075
0.276
0.497
0.622
0.338
0.348
0.016
0.354
0.174
0.084
0.276
0.285
0.177
0.325
0.595
0.058
0.235
0.171
0.559
0.475
0.621
0.571
0.519
0.066
0.851
0.301
0.291
0.397
0.29
0.301
0.047
0.466
0.123
0.506
0.326
0.193
0.076
0.544
0.322
0.274
0.514
0.54
0.041
0.159
*
0.354
0.548
0.316
0.142
0.991
0.442
0.101
0.224
0.206
0.429
0.881
0.348
0.731
0.426
0.502
0.936
0.45
0.581
0.973
0.247
0.879
0.593
0.728
0.363
0.057
0.482
*
