method 1
Large

0.1909
0.4651
0.9931
0.3592
0.2828
0.3456
0.3121
0.198
0.2405
0.3462
0.0406
0.1275
0.0286
0.0955
0.4523
0.0585
0.3719
0.4309
0.0831
0.0824
0.4815
0.0269
0.7439
0.1107
0.6176
0.0894
0.4214
0.0456
0.072
0.348
0.5472
0.0296
0.0855
0.1937
0.5127
0.339
0.3829
0.299
0.3043
0.3955
0.5241
0.2505
0.1091
0.3597
0.1448
0.7961
0.1171
0.4814
0.3064
0.4006
0.7525
0.2387
0.2226
0.3947
0.3556
0.1682
0.4477
0.1998
0.5353
0.3679
0.2513
0.462
0.0657
0.2551
0.2262
0.348
0.5271
0.0991
0.1888
0.7708
0.3822
0.4852
0.3857
0.1409
0.1977
0.1902
0.2809
0.7307
0.5371
0.4358
0.3586
0.2996
0.1827
0.2465
0.0627
0.026
0.3388
0.5319
0.0396
0.318
0.3194
0.4413
0.399
0.9365
0.8424
0.5839
0.3946
0.471
0.1188
0.6118
0.4992
0.897
0.9453
0.3455
0.3739
0.595
0.4223
0.8233
0.8631
0.4169
0.7331
0.1907
0.5547
0.1854
0.3649
0.5411
0.2331
0.334
0.2795
0.148
0.4236
0.9313
0.9929
0.1536
0.3822
0.6683
0.1161
0.4654
0.2035
0.2075
0.4688
0.599
0.251
0.8302
0.2698
0.1713
0.9901
0.0989
0.1447
0.48
0.7551
0.1483
0.3064
0.4145
0.0825
0.0512
0.4231
0.1466
0.3259
0.4178
0.2604
0.2018
0.4458
0.0597
0.016
0.0295
*
0.4608
0.8964
0.6192
0.8613
0.4847
0.7142
0.5301
0.5213
0.9599
0.481
0.9505
0.8579
0.5612
0.7161
0.3907
0.7452
0.3678
0.1111
0.172
0.9304
0.6632
0.8078
0.9174
0.5574
0.6137
0.8019
*
