method 1
Large

0.4566
0.2842
0.7149
0.4464
0.3639
0.0777
0.2388
0.2409
0.3556
0.5319
0.3695
0.1212
0.2629
0.2384
0.8352
0.3405
0.7116
0.097
0.4642
0.281
0.6917
0.2319
0.3645
0.3401
0.1399
0.3633
0.7498
0.2694
0.6119
0.3941
0.1922
0.8453
0.3724
0.1497
0.0278
0.5695
0.0233
0.1926
0.6486
0.3211
0.0615
0.4751
0.3413
0.2357
0.1689
0.1126
0.142
0.2666
0.6242
0.0913
0.1017
0.2748
0.2905
0.5983
0.1667
0.0043
0.3089
0.7418
0.1984
0.3471
0.0762
0.0276
0.0218
0.198
0.4944
0.19
0.0646
0.3936
0.1291
0.5873
0.6075
0.1148
0.8356
0.3187
0.4397
0.7618
0.3618
0.7856
0.3256
0.0931
0.3969
0.2425
0.5712
0.2768
0.1594
0.4278
0.2332
0.1198
0.5402
0.3341
0.4074
0.3879
0.0682
0.2902
0.2767
0.1734
0.2974
0.5362
0.2334
0.239
0.2539
0.6194
0.214
0.3661
0.3871
0.1955
0.2084
0.0931
0.642
0.2259
0.3322
0.1882
0.3695
0.0857
0.2244
0.4886
0.3572
0.1924
0.5129
0.3138
0.1027
0.471
0.0474
0.7237
0.2982
0.1976
0.3912
0.8652
0.1902
0.2378
0.2103
0.5219
0.0275
0.0188
0.287
0.3801
0.3385
0.1988
0.2666
0.4177
0.4965
0.4792
0.0186
0.2717
0.5015
0.2123
0.1985
0.6123
0.2487
0.5722
0.1283
0.3384
0.2376
0.1642
0.8912
0.4683
*
0.7721
0.302
0.2232
0.0572
0.7498
0.8341
0.7674
0.4556
0.8363
0.9063
0.6927
0.5841
0.2567
0.8109
0.7651
0.465
0.7982
0.5197
0.8724
0.259
0.8099
0.9526
0.6876
0.9799
0.903
0.468
*
