method 1
Large

0.0146
0.2995
0.4678
0.1738
0.1807
0.1794
0.8641
0.015
0.1838
0.3177
0.3094
0.228
0.532
0.3309
0.2518
0.0146
0.1879
0.5142
0.1963
0.5126
0.1533
0.2365
0.1874
0.6757
0.5473
0.3106
0.3428
0.3726
0.592
0.1066
0.3991
0.4827
0.3152
0.8945
0.3536
0.1354
0.3083
0.1122
0.3845
0.3779
0.2892
0.5082
0.4438
0.1385
0.3653
0.0053
0.0615
0.3489
0.1135
0.3235
0.2059
0.1876
0.428
0.6531
0.6324
0.3478
0.0709
0.5444
0.5033
0.0332
0.3761
0.4266
0.4074
0.1148
0.2583
0.474
0.069
0.1376
0.8082
0.0398
0.6902
0.076
0.2021
0.5033
0.8997
0.1039
0.6611
0.0881
0.7536
0.3471
0.3267
0.4257
0.947
0.3817
0.2061
0.9513
0.4404
0.252
0.4844
0.2815
0.2979
0.0662
0.062
0.336
0.8376
0.1822
0.7104
0.5542
0.2989
0.3828
0.4633
0.0507
0.5652
0.1673
0.4712
0.656
0.4829
0.04
0.2737
0.4136
0.125
0.549
0.624
0.027
0.198
0.5208
0.3452
0.0044
0.4797
0.3306
0.3258
0.2712
0.0689
0.4512
0.2623
0.4111
0.3677
0.7583
0.3125
0.3514
0.504
0.9345
0.3188
0.4932
0.5015
0.387
0.3982
0.4939
0.2033
0.7509
0.3249
0.6167
0.0437
0.3465
0.4968
0.6604
0.2664
0.5018
0.134
0.642
0.3469
0.3093
0.9244
0.5008
0.5378
0.2973
*
0.4597
0.8728
0.4777
0.7477
0.6223
0.9043
0.794
0.7401
0.9989
0.7808
0.9407
0.521
0.5919
0.6124
0.6695
0.8927
0.1958
0.5998
0.7946
0.1707
0.4733
0.7717
0.2575
0.5524
0.4773
0.9254
*
