method 1
Large

0.507
0.176
0.432
0.33
0.4
0.342
0.336
0.907
0.073
0.688
0.522
0.019
0.24
0.243
0.148
0.32
0.28
0.229
0.361
0.336
0.537
0.048
0.722
0.003
0.639
0.007
0.489
0.811
0.373
0.163
0.171
0.378
0.35
0.523
0.305
0.144
0.071
0.037
0.019
0.18
0.037
0.255
0.47
0.189
0.501
0.373
0.471
0.539
0.24
0.482
0.476
0.575
0.211
0.398
0.347
0.119
0.054
0.013
0.529
0.388
0.529
0.476
0.23
0.257
0.421
0.555
0.172
0.199
0.005
0.195
0.415
0.075
0.535
0.03
0.351
0.444
0.358
0.353
0.474
0.232
0.541
0.317
0.299
0.379
0.497
0.478
0.302
0.725
0.424
0.214
0.276
0.238
0.152
0.507
0.47
0.331
0.244
0.354
0.14
0.225
0.083
0.379
0.446
0.189
0.351
0.54
0.244
0.289
0.442
0.071
0.439
0.38
0.165
0.435
0.701
0.204
0.22
0.529
0.179
0.454
0.009
0.257
0.031
0.016
0.046
0.38
0.483
0.136
0.177
0.454
0.252
0.177
0.363
0.501
0.109
0.12
0.493
0.443
0.191
0.348
0.993
0.264
0.173
0.203
0.356
0.113
0.019
0.015
0.848
0.237
0.052
0.516
0.488
0.381
0.672
0.525
*
0.555
0.968
0.642
0.672
0.009
0.887
0.786
0.565
0.491
0.934
0.761
0.914
0.805
0.629
0.734
0.723
0.339
0.824
0.96
0.571
0.724
0.62
0.994
0.051
0.702
0.928
*
