method 1
Large

0.341
0.365
0.387
0.462
0.327
0.056
0.075
0.776
0.529
0.582
0.18
0.475
0.726
0.613
0.254
0.109
0.908
0.051
0.226
0.502
0.379
0.7
0.535
0.369
0.593
0.545
0.502
0.424
0.225
0.478
0.138
0.384
0.434
0.452
0.288
0.077
0.256
0.786
0.523
0.412
0.453
0.527
0.432
0.802
0.242
0.103
0.221
0.924
0.277
0.458
0.176
0.136
0.021
0.19
0.01
0.146
0.452
0.011
0.177
0.525
0.09
0.714
0.073
0.087
0.482
0.066
0.545
0.507
0.511
0.154
0.045
0.534
0.055
0.287
0.315
0.298
0.007
0.213
0.998
0.066
0.2
0.073
0.406
0.526
0.029
0.128
0.071
0.374
0.489
0.051
0.061
0.649
0.13
0.431
0.319
0.281
0.722
0.396
0.539
0.19
0.466
0.766
0.143
0.922
0.286
0.25
0.389
0.087
0.369
0.
0.025
0.245
0.125
0.819
0.245
0.226
0.318
0.392
0.42
0.331
0.062
0.482
0.162
0.214
0.236
0.147
0.303
0.252
0.165
0.453
0.051
0.424
0.655
0.938
0.067
0.807
0.462
0.306
0.173
0.42
0.117
0.69
0.232
0.464
0.123
0.115
0.105
0.381
0.306
0.188
0.179
0.279
0.244
0.528
0.048
0.088
*
0.984
0.118
0.172
0.492
0.488
0.559
0.864
0.806
0.486
0.965
0.458
0.335
0.457
0.539
0.603
0.472
0.876
0.951
0.537
0.674
0.335
0.895
0.617
0.98
0.599
0.423
*
