method 1
Large

0.0746
0.4061
0.4219
0.1517
0.5846
0.3137
0.0208
0.3006
0.1057
0.1519
0.09
0.3642
0.3842
0.4716
0.0402
0.4276
0.0068
0.3797
0.5758
0.0465
0.4515
0.3059
0.108
0.1761
0.2622
0.3026
0.9707
0.2213
0.2973
0.5527
0.4459
0.1837
0.36
0.133
0.2727
0.0639
0.3028
0.0268
0.5133
0.5978
0.4225
0.4562
0.2885
0.3128
0.0244
0.5077
0.0507
0.6279
0.4234
0.3578
0.0276
0.4474
0.5371
0.6345
0.3086
0.3167
0.4903
0.6062
0.1602
0.7814
0.9343
0.2324
0.4742
0.7356
0.4489
0.5826
0.5232
0.6108
0.4676
0.6343
0.3876
0.3182
0.5939
0.2573
0.2137
0.4326
0.3057
0.237
0.5261
0.5839
0.7022
0.5859
0.4119
0.6401
0.6369
0.4444
0.072
0.2976
0.0694
0.4557
0.7519
0.506
0.5082
0.9548
0.2827
0.1399
0.0662
0.2706
0.3016
0.3256
0.626
0.2528
0.389
0.3961
0.376
0.6231
0.0852
0.1805
0.1456
0.1321
0.2574
0.467
0.1031
0.0155
0.0161
0.1773
0.3279
0.4418
0.0313
0.5571
0.3171
0.3887
0.0618
0.4569
0.6168
0.5198
0.099
0.1195
0.0865
0.5744
0.3717
0.7475
0.5332
0.4049
0.6131
0.473
0.5473
0.1208
0.5495
0.2868
0.0284
0.2774
0.3036
0.0199
0.3529
0.66
0.4249
0.3918
0.3252
0.0409
0.2971
0.7803
0.3033
0.0698
0.4623
0.5289
*
0.6872
0.644
0.9134
0.5139
0.9046
0.8409
0.3948
0.502
0.3978
0.1807
0.0001
0.5959
0.5004
0.431
0.9073
0.2825
0.5078
0.5949
0.3564
0.8037
0.6078
0.6858
0.3551
0.4845
0.5142
0.7209
*
