method 1
Large

0.2653
0.1294
0.5869
0.3481
0.4472
0.3214
0.0024
0.3679
0.2968
0.7138
0.1308
0.2404
0.5359
0.057
0.5198
0.2298
0.2341
0.3204
0.1271
0.3727
0.2112
0.2422
0.2172
0.4585
0.4543
0.3488
0.1238
0.3532
0.1263
0.0032
0.0673
0.2745
0.0878
0.4899
0.3871
0.3928
0.3009
0.4649
0.2262
0.3635
0.1816
0.3552
0.1698
0.1781
0.0109
0.284
0.3736
0.377
0.2717
0.3835
0.2162
0.0285
0.08
0.7028
0.2136
0.3673
0.2498
0.309
0.9068
0.1479
0.0738
0.3996
0.222
0.1609
0.0797
0.2177
0.2741
0.4643
0.9598
0.2284
0.2661
0.3627
0.266
0.7609
0.6823
0.2876
0.7176
0.8431
0.2492
0.8187
0.2136
0.2126
0.946
0.2791
0.1036
0.2848
0.4268
0.2502
0.3935
0.2194
0.0763
0.3341
0.0989
0.2836
0.2513
0.2228
0.2799
0.3079
0.0874
0.0121
0.759
0.1914
0.0025
0.2474
0.2524
0.1513
0.0914
0.2653
0.9444
0.2053
0.4793
0.3514
0.3351
0.1513
0.3809
0.7422
0.1787
0.4538
0.1166
0.2479
0.6072
0.3285
0.4876
0.3854
0.3155
0.8444
0.2906
0.116
0.3539
1.
0.3893
0.6225
0.3349
0.5313
0.2111
0.6361
0.2368
0.2716
0.4693
0.1558
0.7903
0.363
0.6014
0.7953
0.3189
0.1854
0.287
0.0571
0.2584
0.3679
0.2002
0.4473
0.0796
0.3662
0.3294
0.2622
*
0.7991
0.4846
0.307
0.5701
0.705
0.6879
0.6323
0.7608
0.3334
0.6309
0.8935
0.8607
0.7334
0.7355
0.4805
0.7318
0.7269
0.7714
0.5403
0.9755
0.4702
0.7529
0.5366
0.4859
0.3745
0.6586
*
