method 1
Large

0.3342
0.426
0.1762
0.6273
0.0513
0.3004
0.1144
0.5894
0.1617
0.0792
0.5025
0.5266
0.425
0.0662
0.0555
0.0435
0.3893
0.3158
0.8747
0.1164
0.9954
0.2513
0.5087
0.5857
0.3189
0.4553
0.0966
0.181
0.4032
0.0068
0.346
0.1504
0.1906
0.4436
0.0679
0.2201
0.6396
0.0986
0.1221
0.3443
0.4421
0.6464
0.1237
0.268
0.4208
0.1852
0.5417
0.5534
0.2642
0.2593
0.0754
0.3626
0.1368
0.6107
0.3331
0.6174
0.4222
0.0595
0.0486
0.5512
0.2876
0.4043
0.1761
0.4979
0.0665
0.1584
0.4798
0.165
0.4609
0.0639
0.4002
0.0313
0.156
0.6355
0.3765
0.3714
0.6158
0.1698
0.4703
0.1229
0.2569
0.0138
0.6056
0.1109
0.9636
0.6202
0.1079
0.1118
0.5174
0.5586
0.5517
0.1932
0.4596
0.8163
0.1437
0.7779
0.4514
0.4246
0.0002
0.4485
0.9604
0.4247
0.4319
0.0229
0.0609
0.1215
0.245
0.5662
0.1163
0.3181
0.4989
0.0375
0.5422
0.4648
0.6461
0.1506
0.6993
0.4654
0.5601
0.6387
0.1216
0.0053
0.0996
0.2138
0.1994
0.191
0.4369
0.4464
0.7528
0.4467
0.4899
0.3742
0.0726
0.022
0.3305
0.4562
0.4873
0.4763
0.4787
0.1713
0.3122
0.5996
0.0554
0.4149
0.5099
0.341
0.5142
0.987
0.3946
0.1813
0.1661
0.0105
0.3535
0.3279
0.3632
0.5131
*
0.6821
0.435
0.5635
0.9233
0.826
0.0053
0.6237
0.8796
0.1807
0.5913
0.9809
0.8378
0.5536
0.3296
0.4326
0.7347
0.3954
0.5894
0.7567
0.9643
0.6475
0.9812
0.7688
0.538
0.3912
0.3492
*
