method 1
Large

0.3406
0.5182
0.3639
0.3405
0.3048
0.1427
0.9853
0.674
0.2732
0.263
0.3314
0.1792
0.3913
0.7766
0.087
0.4811
0.1689
0.1526
0.9851
0.2335
0.2402
0.477
0.2231
0.0442
0.0469
0.0438
0.0113
0.3403
0.3101
0.6697
0.1922
0.3268
0.3062
0.3212
0.3025
0.2333
0.1579
0.2519
0.2997
0.0008
0.3173
0.1951
0.0686
0.1217
0.2405
0.2142
0.1378
0.52
0.0797
0.3698
0.3096
0.4347
0.0394
0.3949
0.2357
0.2247
0.3118
0.257
0.208
0.9771
0.3161
0.1996
0.447
0.0461
0.0785
0.0802
0.1887
0.0573
0.0428
0.2711
0.1933
0.1255
0.0235
0.1886
0.0313
0.4509
0.0146
0.8767
0.1821
0.3297
0.9512
0.3313
0.3269
0.0594
0.5306
0.0486
0.4136
0.8178
0.4423
0.265
0.4551
0.7415
0.8005
0.1903
0.7901
0.5298
0.2305
0.057
0.7457
0.918
0.3669
0.2015
0.1956
0.2596
0.0435
0.0518
0.8302
0.0759
0.5363
0.2172
0.369
0.3716
0.3623
0.0128
0.222
0.3449
0.3257
0.0536
0.1008
0.192
0.3047
0.61
0.6467
0.055
0.0909
0.0226
0.0137
0.2261
0.2074
0.2243
0.3573
0.0814
0.8189
0.096
0.0989
0.2342
0.4166
0.0039
0.2007
0.4579
0.0116
0.1593
0.4933
0.1305
0.2447
0.4539
0.3144
0.1954
0.7359
0.1656
0.2125
0.3208
0.7534
0.2793
0.6449
0.3184
*
0.7065
0.881
0.5874
0.8477
0.2877
0.8785
0.9066
0.8251
0.622
0.9008
0.6288
0.6506
0.5781
0.967
0.9047
0.7994
0.9666
0.5384
0.7422
0.7669
0.6473
0.6261
0.6493
0.7553
0.1626
0.6649
*
