method 1
Large

0.5428
0.3909
0.3114
0.7409
0.1991
0.4784
0.2579
0.2894
0.7117
0.5243
0.0673
0.0324
0.304
0.2773
0.2693
0.3927
0.4163
0.0585
0.4926
0.0413
0.3191
0.3566
0.4662
0.3684
0.2119
0.2606
0.0833
0.3946
0.6801
0.2959
0.8132
0.5097
0.1077
0.1434
0.9991
0.4287
0.291
0.4627
0.3544
0.3075
0.4948
0.043
0.3843
0.4812
0.0621
0.3205
0.1222
0.3299
0.3982
0.5302
0.2218
0.5432
0.449
0.012
0.2849
0.4255
0.093
0.1602
0.4714
0.2581
0.0927
0.0873
0.3221
0.9032
0.191
0.1887
0.3686
0.0998
0.0946
0.164
0.4357
0.7366
0.4758
0.4351
0.8823
0.1843
0.3007
0.3595
0.2001
0.1485
0.4502
0.0348
0.1362
0.0169
0.0469
0.0146
0.1609
0.4798
0.3625
0.3318
0.5199
0.5137
0.2505
0.0667
0.5443
0.4121
0.4081
0.534
0.2149
0.3941
0.55
0.7743
0.0396
0.0034
0.0468
0.0076
0.3227
0.2629
0.467
0.0603
0.082
0.2244
0.3979
0.1241
0.1708
0.3151
0.0514
0.5169
0.025
0.062
0.4742
0.6504
0.5221
0.3347
0.0403
0.1819
0.3987
0.4555
0.3516
0.5991
0.2932
0.8728
0.8351
0.64
0.5499
0.2722
0.3119
0.2029
0.4719
0.7544
0.069
0.632
0.5385
0.5062
0.2568
0.9439
0.3039
0.2219
0.1117
0.31
0.4362
0.3306
0.6331
0.618
0.4415
0.1335
*
0.9184
0.5894
0.8637
0.4733
0.6798
0.9065
0.7497
0.4587
0.7865
0.5994
0.6504
0.8422
0.6558
0.7216
0.4688
0.5527
0.6922
0.4736
0.7897
0.137
0.6727
0.5149
0.9577
0.7987
0.4936
0.9727
*
