method 1
Large

0.066
0.212
0.356
0.304
0.232
0.331
0.09
0.
0.114
0.055
0.066
0.377
0.512
0.285
0.269
0.441
0.047
0.144
0.001
0.016
0.233
0.406
0.045
0.504
0.477
0.229
0.013
0.425
0.523
0.24
0.193
0.082
0.182
0.173
0.266
0.215
0.096
0.56
0.376
0.462
0.31
0.493
0.446
0.527
0.403
0.363
0.13
0.221
0.259
0.358
0.305
0.482
0.104
0.722
0.296
0.341
0.518
0.148
0.213
0.154
0.449
0.33
0.015
0.166
0.489
0.962
0.236
0.081
0.632
0.52
0.124
0.139
0.379
0.121
0.073
0.345
0.157
0.083
0.373
0.137
0.533
0.549
0.007
0.081
0.534
0.035
0.176
0.466
0.89
0.222
0.228
0.204
0.312
0.761
0.459
0.281
0.3
0.246
0.069
0.367
0.519
0.454
0.291
0.085
0.335
0.442
0.049
0.283
0.447
0.524
0.1
0.73
0.476
0.336
0.154
0.363
0.42
0.035
0.493
0.117
0.425
0.539
0.267
0.267
0.532
0.143
0.371
0.019
0.147
0.535
0.034
0.392
0.165
0.248
0.211
0.316
0.313
0.201
0.533
0.117
0.073
0.531
0.12
0.312
0.384
0.527
0.028
0.425
0.332
0.22
0.525
0.544
0.505
0.421
0.045
0.261
*
0.804
0.617
0.965
0.421
0.804
0.789
0.437
0.124
0.47
0.456
0.578
0.39
0.335
0.75
0.107
0.648
0.902
0.358
0.05
0.171
0.482
0.342
0.46
0.302
0.619
0.999
*
