method 1
Large

0.4956
0.5729
0.2009
0.4201
0.6151
0.185
0.0121
0.124
0.1598
0.0814
0.8261
0.3309
0.1646
0.4718
0.2239
0.5023
0.4968
0.0335
0.1825
0.5385
0.6728
0.6404
0.6127
0.8071
0.9293
0.2906
0.136
0.4648
0.5414
0.1886
0.463
0.2458
0.4989
0.5459
0.5594
0.0812
0.6114
0.4705
0.1409
0.3141
0.5891
0.0059
0.6789
0.5687
0.7113
0.3678
0.4244
0.1831
0.9685
0.0836
0.1532
0.9189
0.4016
0.0577
0.2588
0.6377
0.5304
0.2888
0.2468
0.9357
0.4845
0.3711
0.1914
0.1285
0.1657
0.5171
0.3225
0.4513
0.0593
0.599
0.8195
0.05
0.31
0.6107
0.3937
0.6447
0.4912
0.5422
0.0809
0.3522
0.6349
0.6397
0.7443
0.1578
0.1572
0.3923
0.4615
0.4704
0.2553
0.9741
0.4821
0.5702
0.4396
0.1972
0.295
0.2504
0.6435
0.0958
0.2667
0.0664
0.3742
0.3791
0.5163
0.4976
0.6787
0.323
0.3356
0.0986
0.3955
0.3222
0.5491
0.086
0.1042
0.5149
0.4187
0.3025
0.5689
0.2761
0.0241
0.2559
0.2195
0.592
0.2443
0.625
0.0227
0.6075
*
0.2033
0.9722
0.046
0.2965
0.2212
0.9913
0.7709
0.9969
0.5074
0.7504
0.4441
0.1791
0.8854
0.2098
0.5437
0.73
0.5505
0.5916
0.6498
0.7301
0.688
0.2668
0.8402
0.9274
0.4508
0.9521
0.0949
0.8622
0.7346
0.6074
0.9529
0.9107
0.1744
0.3249
0.4827
0.4311
0.6186
0.9973
0.5722
0.5481
0.6711
0.5836
0.3812
0.9216
0.545
0.0996
0.47
0.2252
0.9064
0.4399
0.1886
0.8998
0.1645
0.9886
0.833
*
