method 1
Large

0.2194
0.4199
0.5782
0.4538
0.0735
0.0842
0.3456
0.524
0.1845
0.0438
0.4161
0.5623
0.8627
0.4765
0.1961
0.0659
0.8189
0.006
0.6682
0.5512
0.5007
0.0545
0.1011
0.2076
0.3298
0.5446
0.4401
0.4884
0.1162
0.0075
0.0583
0.1922
0.5362
0.3836
0.1595
0.3424
0.2271
0.1625
0.5225
0.9167
0.4267
0.0611
0.2315
0.0938
0.8574
0.7661
0.4565
0.5243
0.7146
0.7056
0.4402
0.0281
0.3041
0.2922
0.3263
0.0727
0.4382
0.7402
0.2913
0.0124
0.463
0.5891
0.7467
0.7544
0.3327
0.2011
0.4214
0.2825
0.2783
0.4985
0.2328
0.8669
0.3338
0.396
0.5893
0.3828
0.1101
0.298
0.4278
0.0784
0.3829
0.3284
0.0157
0.1782
0.2754
0.9789
0.2778
0.3225
0.4875
0.1432
0.1725
0.436
0.3636
0.8287
0.1144
0.616
0.5691
0.1208
0.1775
0.0178
0.2284
0.3156
0.2681
0.0085
0.6437
0.1721
0.0776
0.2263
0.0584
0.946
0.1451
0.1468
0.1125
0.4628
0.285
0.1045
0.3197
0.2603
0.3436
0.2377
0.2315
0.1467
0.2917
0.4873
0.6404
0.0672
*
0.842
0.705
0.1493
0.7937
0.9059
0.585
0.7206
0.8409
0.7751
0.2134
0.0862
0.9896
0.7301
0.5902
0.9408
0.7044
0.3935
0.5665
0.4056
0.8856
0.0929
0.1356
0.7727
0.8605
0.6433
0.359
0.694
0.8585
0.4031
0.9519
0.6549
0.6148
0.4947
0.1673
0.6247
0.0006
0.6603
0.4524
0.9833
0.93
0.7532
0.503
0.5032
0.5327
0.7471
0.5007
0.2962
0.8568
0.5151
0.5964
0.3461
0.5867
0.4485
0.9564
0.8511
*
