method 1
Large

0.7566
0.4078
0.0189
0.3333
0.4243
0.5068
0.3492
0.4054
0.1186
0.8746
0.5082
0.1961
0.1185
0.0564
0.5962
0.5545
0.4165
0.7278
0.1599
0.4455
0.5932
0.6388
0.2604
0.4846
0.5793
0.0701
0.6439
0.3321
0.2413
0.4791
0.404
0.4554
0.8637
0.1827
0.4837
0.2702
0.8267
0.1064
0.1608
0.4594
0.6043
0.5153
0.4781
0.0805
0.4908
0.3736
0.2269
0.288
0.4094
0.0295
0.6216
0.6018
0.2018
0.1388
0.127
0.1843
0.0042
0.3039
0.3386
0.4525
0.5135
0.0108
0.6372
0.525
0.2408
0.8132
0.3807
0.4873
0.8662
0.5815
0.6705
0.5702
0.2447
0.5212
0.9896
0.2741
0.292
0.4603
0.6805
0.3568
0.3661
0.5287
0.6616
0.531
0.1687
0.373
0.2287
0.4782
0.2985
0.3996
0.3626
0.5192
0.1899
0.0986
0.1736
0.1268
0.1515
0.2533
0.5829
0.3156
0.496
0.2898
0.1576
0.2145
0.6128
0.4475
0.4399
0.4115
0.3838
0.2294
0.4453
0.3182
0.4681
0.3772
0.7801
0.346
0.1605
0.3442
0.0829
0.2272
0.5945
0.5984
0.0698
0.898
0.0425
0.0398
*
0.9634
0.6201
0.4659
0.5722
0.6583
0.2775
0.7636
0.8986
0.4609
0.9821
0.4995
0.6244
0.48
0.5496
0.4895
0.6252
0.8929
0.6347
0.9595
0.6909
0.7001
0.0287
0.9007
0.8644
0.8481
0.5023
0.7484
0.5651
0.6838
0.6268
0.6294
0.1331
0.8462
0.4185
0.6371
0.2088
0.756
0.8864
0.8936
0.901
0.4121
0.3648
0.6212
0.4355
0.4763
0.0388
0.5191
0.496
0.4467
0.4541
0.9182
0.1989
0.9141
0.4929
0.7498
*
