method 1
Large

0.0158
0.0321
0.5556
0.3567
0.9568
0.4035
0.2158
0.5535
0.5392
0.3513
0.5998
0.0601
0.5005
0.2938
0.6417
0.6354
0.9728
0.3564
0.6627
0.3412
0.5088
0.1769
0.7028
0.509
0.4173
0.6035
0.7098
0.3598
0.4269
0.9615
0.2975
0.154
0.2094
0.6393
0.1172
0.5202
0.2875
0.67
0.476
0.4112
0.267
0.2668
0.3536
0.3323
0.2472
0.0631
0.4972
0.1159
0.3277
0.7005
0.5192
0.116
0.144
0.3484
0.4191
0.3516
0.5857
0.4644
0.4959
0.4108
0.438
0.934
0.2168
0.7062
0.3108
0.5829
0.1088
0.0037
0.1015
0.312
0.0768
0.9006
0.3895
0.4259
0.4178
0.3762
0.232
0.8767
0.2738
0.0124
0.3888
0.0114
0.0529
0.5765
0.2835
0.3286
0.6683
0.1375
0.1773
0.4239
0.8546
0.3893
0.5694
0.4844
0.4387
0.2396
0.1225
0.1333
0.3306
0.5144
0.5232
0.4059
0.0629
0.945
0.539
0.502
0.4358
0.0715
0.196
0.5506
0.2087
0.3105
0.3521
0.5103
0.4048
0.6375
0.4182
0.1998
0.4059
0.4882
0.2522
0.5682
0.0108
0.6172
0.3977
0.1974
*
0.724
0.6304
0.626
0.5235
0.4353
0.5422
0.9136
0.3786
0.7702
0.4277
0.5743
0.4366
0.5368
0.9971
0.6314
0.39
0.6742
0.5034
0.5948
0.9151
0.3993
0.6907
0.3644
0.219
0.3426
0.6197
0.0292
0.7754
0.8392
0.3201
0.1598
0.7772
0.9988
0.6125
0.9662
0.3785
0.5305
0.6361
0.5465
0.3568
0.3831
0.4751
0.5483
0.4699
0.539
0.0062
0.4323
0.785
0.8674
0.4656
0.4992
0.5234
0.745
0.6044
0.6465
*
