method 1
Large

0.16
0.814
0.155
0.399
0.369
0.129
0.131
0.072
0.218
0.571
0.273
0.179
0.169
0.023
0.147
0.314
0.343
0.147
0.638
0.734
0.089
0.142
0.167
0.395
0.343
0.228
0.948
0.108
0.625
0.216
0.108
0.241
0.161
0.289
0.632
0.028
0.365
0.209
0.219
0.289
0.236
0.832
0.109
0.978
0.03
0.231
0.114
0.007
0.38
0.288
0.252
0.277
0.567
0.699
0.078
0.714
0.296
0.272
0.122
0.329
0.389
0.021
0.095
0.367
0.068
0.264
0.218
0.041
0.242
0.76
0.046
0.215
0.194
0.79
0.45
0.288
0.344
0.802
0.261
0.814
0.539
0.432
0.045
0.243
0.292
0.608
0.269
0.074
0.057
0.127
0.
0.305
0.153
0.045
0.009
0.297
0.779
0.349
0.58
0.248
0.081
0.324
0.36
0.107
0.371
0.267
0.676
0.213
0.372
0.563
0.293
0.522
0.068
0.229
0.346
0.384
0.516
0.128
0.408
0.2
0.331
0.019
0.252
0.266
0.165
0.092
*
0.571
0.813
0.953
0.881
0.49
0.821
0.628
0.336
0.896
0.664
0.584
0.75
0.705
0.285
0.53
0.865
0.206
0.867
0.105
0.348
0.944
0.021
0.666
0.19
0.391
0.762
0.479
0.664
0.675
0.996
0.743
0.149
0.859
0.755
0.512
0.759
0.859
0.955
0.696
0.797
0.18
0.394
0.651
0.902
0.751
0.913
0.347
0.549
0.942
0.579
0.777
0.53
0.708
0.712
0.164
*
