method 1
Large

0.265
0.233
0.685
0.723
0.139
0.094
0.384
0.061
0.248
0.242
0.062
0.233
0.157
0.113
0.335
0.898
0.957
0.192
0.363
0.348
0.174
0.01
0.194
0.232
0.068
0.028
0.356
0.347
0.861
0.094
0.786
0.308
0.065
0.119
0.126
0.109
0.119
0.084
0.067
0.392
0.105
0.374
0.385
0.916
0.232
0.075
0.242
0.29
0.669
0.219
0.305
0.331
0.1
0.1
0.393
0.11
0.366
0.76
0.052
0.065
0.374
0.607
0.366
0.012
0.118
0.366
0.186
0.182
0.619
0.006
0.167
0.206
0.955
0.78
0.005
0.245
0.212
0.058
0.151
0.81
0.104
0.269
0.36
0.371
0.261
0.148
0.142
0.861
0.361
0.043
0.774
0.229
0.206
0.23
0.76
0.049
0.269
0.859
0.012
0.143
0.362
0.162
0.052
0.277
0.155
0.365
0.887
0.375
0.087
0.753
0.006
0.275
0.045
0.189
0.05
0.147
0.35
0.221
0.935
0.081
0.142
0.072
0.237
0.114
0.312
0.38
*
0.69
0.949
0.839
0.194
0.961
0.932
0.803
0.866
0.973
0.125
0.635
0.803
0.613
0.974
0.946
0.674
0.973
0.774
0.716
0.934
0.743
0.948
0.987
0.774
0.88
0.28
0.807
0.285
0.759
0.989
0.64
0.887
0.345
0.984
0.939
0.857
0.742
0.712
0.718
0.871
0.707
0.923
0.143
0.165
0.724
0.798
0.233
0.797
0.011
0.382
0.722
0.856
0.785
0.966
0.127
*
