method 1
Large

0.5549
0.5788
0.9707
0.4329
0.5779
0.1276
0.5037
0.0495
0.1181
0.4901
0.3461
0.4497
0.4608
0.5788
0.3504
0.3339
0.2409
0.0396
0.8091
0.6755
0.4154
0.6317
0.2061
0.479
0.0958
0.3972
0.446
0.2131
0.6129
0.5702
0.4873
0.0711
0.0904
0.3997
0.2176
0.5093
0.0001
0.0472
0.3703
0.0906
0.6915
0.352
0.1414
0.5314
0.5453
0.2381
0.1634
0.5362
0.4619
0.1355
0.253
0.1261
0.5333
0.4996
0.0619
0.5854
0.4856
0.3904
0.389
0.3085
0.3233
0.0684
0.0265
0.3549
0.6767
0.2768
0.2276
0.1044
0.6711
0.1232
0.4245
0.3439
0.1261
0.1571
0.3682
0.5982
0.2208
0.0577
0.1255
0.5613
0.125
0.5699
0.3914
0.5122
0.1821
0.3992
0.6958
0.2803
0.4216
0.1963
0.4591
0.3697
0.382
0.28
0.4853
0.5206
0.5882
0.5906
0.7341
0.4228
0.4936
0.6242
0.047
0.2745
0.3476
0.4353
0.1484
0.2518
0.2808
0.4041
0.3818
0.0513
0.4691
0.0297
0.0977
0.0114
0.3135
0.5641
0.4244
0.0516
0.1601
0.4658
0.9972
0.4004
0.1271
0.1077
*
0.8175
0.9796
0.7958
0.9827
0.8583
0.4901
0.5868
0.7975
0.6152
0.0813
0.656
0.9251
0.9154
0.8395
0.5634
0.7552
0.9426
0.7052
0.4367
0.9967
0.5011
0.7534
0.7895
0.6893
0.2614
0.9295
0.0538
0.5483
0.6
0.7423
0.2382
0.8237
0.9659
0.532
0.595
0.4601
0.7944
0.4914
0.4071
0.6777
0.688
0.3988
0.8765
0.4232
0.9473
0.5404
0.6584
0.5934
0.8509
0.5505
0.3141
0.9662
0.2371
0.5291
0.498
*
