method 1
Large

0.051
0.3981
0.1614
0.1118
0.3472
0.2031
0.6069
0.0074
0.2285
0.3616
0.2352
0.4943
0.0568
0.1828
0.0453
0.3645
0.1907
0.0027
0.349
0.0079
0.2845
0.067
0.2718
0.5877
0.2783
0.3092
0.2371
0.0331
0.2396
0.1215
0.5192
0.0509
0.1535
0.3858
0.2291
0.2493
0.2733
0.1353
0.1596
0.0632
0.2997
0.1898
0.2806
0.2771
0.3903
0.1983
0.1131
0.3133
0.198
0.2536
0.1965
0.129
0.0842
0.3372
0.9496
0.3395
0.1236
0.1389
0.341
0.1186
0.112
0.1291
0.0123
0.5883
0.0818
0.3903
0.0406
0.3499
0.5679
0.148
0.0488
0.3828
0.5757
0.1548
0.0079
0.1956
0.1897
0.0787
0.0579
0.5888
0.294
0.5297
0.0505
0.1669
0.3492
0.2896
0.3315
0.2296
0.2835
0.2371
0.197
0.1609
0.259
0.0116
0.2609
0.2532
0.3011
0.1566
0.7294
0.135
0.1956
0.3564
0.048
0.1046
0.2429
0.0058
0.3308
0.0655
0.9366
0.1036
0.0294
0.2958
0.0917
0.2687
0.0302
0.8542
0.212
0.0674
0.2116
0.2277
0.0769
0.9183
0.7501
0.0189
0.0684
0.0983
*
0.6325
0.5939
0.6215
0.9667
0.8453
0.5862
0.2607
0.3104
0.4493
0.477
0.1923
0.3384
0.5317
0.1038
0.4886
0.278
0.0175
0.2002
0.7046
0.7762
0.1149
0.6267
0.3518
0.7308
0.7638
0.0656
0.3064
0.117
0.6645
0.5079
0.2727
0.2107
0.3258
0.2661
0.0908
0.4667
0.4023
0.1104
0.9655
0.5385
0.6399
0.4867
0.6761
0.0934
0.1273
0.1355
0.1179
0.2287
0.3957
0.2228
0.8857
0.3794
0.529
0.3079
0.4923
*
